#Compiled Fit Center Estimates:
[[[1.32848641e+04 1.32752808e-02]
  [1.32787065e+04 2.04510801e-02]
  [1.32726774e+04 3.99733416e-02]
  [1.32664428e+04 1.09417277e-01]]

 [[1.32848611e+04 1.34874768e-02]
  [1.32787050e+04 2.04679270e-02]
  [1.32726818e+04 3.93925527e-02]
  [1.32664310e+04 1.10833276e-01]]

 [[1.32848481e+04 1.64822054e-02]
  [1.32786917e+04 2.42131174e-02]
  [1.32726450e+04 4.51433473e-02]
  [1.32664490e+04 1.30423937e-01]]

 [[1.32848520e+04 1.65681379e-02]
  [1.32786935e+04 2.41944539e-02]
  [1.32726453e+04 4.55866235e-02]
  [1.32664491e+04 1.38455781e-01]]

 [[1.32848482e+04 1.84099536e-02]
  [1.32786868e+04 2.66250019e-02]
  [1.32726361e+04 4.85706062e-02]
  [1.32664639e+04 1.46916271e-01]]

 [[1.32848272e+04 1.92042900e-02]
  [1.32786876e+04 2.69250066e-02]
  [1.32726257e+04 5.40937090e-02]
  [1.32665035e+04 1.83955186e-01]]]

#Scanalyzer Final Estimates:
[13284.85306696 13278.69695873 13272.65621889 13266.44990421]
#1Sigma:
[0.00643391 0.00954244 0.01823376 0.05331781]
#Range:
[0.03698014 0.01963154 0.05612213 0.0725705 ]