#Compiled Fit Local Max Estimates:
[[[1.32845112e+04 1.32752808e-02]
  [1.32783535e+04 2.04510801e-02]
  [1.32723244e+04 3.99733416e-02]
  [1.32660898e+04 1.09417277e-01]]

 [[1.32845086e+04 1.34874768e-02]
  [1.32783525e+04 2.04679270e-02]
  [1.32723293e+04 3.93925527e-02]
  [1.32660785e+04 1.10833276e-01]]

 [[1.32844553e+04 1.64822054e-02]
  [1.32782989e+04 2.42131174e-02]
  [1.32722521e+04 4.51433473e-02]
  [1.32660561e+04 1.30423937e-01]]

 [[1.32844671e+04 1.65681379e-02]
  [1.32783086e+04 2.41944539e-02]
  [1.32722604e+04 4.55866235e-02]
  [1.32660643e+04 1.38455781e-01]]

 [[1.32844584e+04 1.84099536e-02]
  [1.32782971e+04 2.66250019e-02]
  [1.32722463e+04 4.85706062e-02]
  [1.32660741e+04 1.46916271e-01]]

 [[1.32843892e+04 1.92042900e-02]
  [1.32782496e+04 2.69250066e-02]
  [1.32721877e+04 5.40937090e-02]
  [1.32660656e+04 1.83955186e-01]]]

#Scanalyzer Final Estimates:
[13284.47528331 13278.31753317 13272.27689812 13266.07366189]
#1Sigma:
[0.00643391 0.00954244 0.01823376 0.05331781]
#Range:
[0.12197033 0.10387634 0.14160418 0.03367345]