#Compiled Fit Local Max Estimates:
[[[1.32846265e+04 9.11102103e-03]
  [1.32785035e+04 1.34471085e-02]
  [1.32723620e+04 1.08173625e-02]
  [1.32662197e+04 1.70872169e-02]]

 [[1.32846377e+04 9.67303297e-03]
  [1.32785255e+04 1.45928532e-02]
  [1.32723752e+04 1.20095876e-02]
  [1.32662498e+04 1.47774337e-02]]

 [[1.32846581e+04 1.09391481e-02]
  [1.32785333e+04 1.83417598e-02]
  [1.32723883e+04 1.42455020e-02]
  [1.32662572e+04 1.86816638e-02]]

 [[1.32846133e+04 1.24247791e-02]
  [1.32784883e+04 2.02662772e-02]
  [1.32723314e+04 1.50220762e-02]
  [1.32662462e+04 3.36491762e-01]]

 [[1.32845471e+04 1.62189028e-02]
  [1.32784354e+04 2.57496049e-02]
  [1.32722854e+04 1.76221887e-02]
  [1.32662305e+04 4.83975111e-02]]

 [[1.32845003e+04 3.53295529e-02]
  [1.32783859e+04 5.32587203e-02]
  [1.32722211e+04 2.55362652e-02]
  [1.32661310e+04 1.01589063e+00]]]

#Scanalyzer Final Estimates:
[13284.62402062 13278.50411326 13272.34926923 13266.24181835]
#1Sigma:
[0.00486959 0.00756057 0.00581316 0.00940458]
#Range:
[0.15781585 0.14741228 0.16723612 0.12610359]