#Compiled Fit Center Estimates:
[[[1.32849117e+04 9.11102103e-03]
  [1.32787812e+04 1.34471085e-02]
  [1.32726455e+04 1.08173625e-02]
  [1.32665013e+04 1.70872169e-02]]

 [[1.32849139e+04 9.67303297e-03]
  [1.32787965e+04 1.45928532e-02]
  [1.32726484e+04 1.20095876e-02]
  [1.32665181e+04 1.47774337e-02]]

 [[1.32849191e+04 1.09391481e-02]
  [1.32787936e+04 1.83417598e-02]
  [1.32726428e+04 1.42455020e-02]
  [1.32665151e+04 1.86816638e-02]]

 [[1.32849134e+04 1.24247791e-02]
  [1.32787863e+04 2.02662772e-02]
  [1.32726381e+04 1.50220762e-02]
  [1.32665480e+04 3.36491762e-01]]

 [[1.32849023e+04 1.62189028e-02]
  [1.32787866e+04 2.57496049e-02]
  [1.32726392e+04 1.76221887e-02]
  [1.32665878e+04 4.83975111e-02]]

 [[1.32849087e+04 3.53295529e-02]
  [1.32787962e+04 5.32587203e-02]
  [1.32726298e+04 2.55362652e-02]
  [1.32665493e+04 1.01589063e+00]]]

#Scanalyzer Final Estimates:
[13284.91307325 13278.78890989 13272.64313317 13266.51492465]
#1Sigma:
[0.00486959 0.00756057 0.00581316 0.00940458]
#Range:
[0.01680134 0.01528137 0.0186076  0.08648093]