#Compiled Fit Center Estimates:
[[[1.32847405e+04 1.65000000e+00]
  [1.32786022e+04 1.65000000e+00]
  [1.32724760e+04 1.65000000e+00]
  [1.32664666e+04 1.65000000e+00]]

 [[1.32847372e+04 1.65000000e+00]
  [1.32786005e+04 1.65000000e+00]
  [1.32724705e+04 1.65000000e+00]
  [1.32664655e+04 1.65000000e+00]]

 [[1.32847343e+04 1.64999442e+00]
  [1.32785984e+04 1.64999442e+00]
  [1.32724650e+04 1.64999442e+00]
  [1.32664370e+04 1.64999442e+00]]

 [[1.32847362e+04 1.64997828e+00]
  [1.32785977e+04 1.64997828e+00]
  [1.32724680e+04 1.64997828e+00]
  [1.32664582e+04 1.64997828e+00]]

 [[1.32847403e+04 1.64999866e+00]
  [1.32785986e+04 1.64999866e+00]
  [1.32724675e+04 1.64999866e+00]
  [1.32664477e+04 1.64999866e+00]]]

#Scanalyzer Final Estimates:
[13284.73767388 13278.59949985 13272.4694071  13266.45500791]
#1Sigma:
[0.73789987 0.73789987 0.73789987 0.73789987]
#Range:
[0.00620295 0.00450372 0.01100103 0.02961089]