#Compiled Fit Local Max Estimates:
[[[1.32844360e+04 1.65000000e+00]
  [1.32783010e+04 1.65000000e+00]
  [1.32721746e+04 1.65000000e+00]
  [1.32661643e+04 1.65000000e+00]]

 [[1.32844239e+04 1.65000000e+00]
  [1.32782972e+04 1.65000000e+00]
  [1.32721618e+04 1.65000000e+00]
  [1.32661625e+04 1.65000000e+00]]

 [[1.32844036e+04 1.64999442e+00]
  [1.32782715e+04 1.64999442e+00]
  [1.32721377e+04 1.64999442e+00]
  [1.32661175e+04 1.64999442e+00]]

 [[1.32844101e+04 1.64997828e+00]
  [1.32782780e+04 1.64997828e+00]
  [1.32721387e+04 1.64997828e+00]
  [1.32661350e+04 1.64997828e+00]]

 [[1.32844157e+04 1.64999866e+00]
  [1.32782800e+04 1.64999866e+00]
  [1.32721409e+04 1.64999866e+00]
  [1.32661177e+04 1.64999866e+00]]]

#Scanalyzer Final Estimates:
[13284.41786765 13278.2855449  13272.15075257 13266.13939383]
#1Sigma:
[0.73789987 0.73789987 0.73789987 0.73789987]
#Range:
[0.0324568  0.02944201 0.03690683 0.04678339]