#Compiled Data Local Max Estimates:
[[[1.32835931e+04 2.53756659e-02]
  [1.32774785e+04 4.11866578e-01]
  [1.32708077e+04 8.79355857e-01]
  [1.32648756e+04 4.09914604e-02]]

 [[1.32835931e+04 2.53756659e-02]
  [1.32777821e+04 3.00605805e-01]
  [1.32712566e+04 4.47324367e-01]
  [1.32648668e+04 7.80916522e-02]]

 [[1.32836059e+04 2.25377041e-01]
  [1.32777821e+04 4.68517485e-02]
  [1.32716870e+04 5.67525023e-01]
  [1.32648668e+04 2.97387448e-02]]

 [[1.32838215e+04 4.91194320e-01]
  [1.32774815e+04 1.60060208e-01]
  [1.32712566e+04 4.42571840e-01]
  [1.32648668e+04 8.68375368e-01]]

 [[1.32838383e+04 4.85221731e-01]
  [1.32774939e+04 2.76492310e-01]
  [1.32712732e+04 4.77325666e-01]
  [1.32648481e+04 1.36109195e-01]]

 [[1.32836013e+04 1.01337483e-01]
  [1.32775070e+04 1.95900511e-01]
  [1.32713294e+04 1.07981317e-01]
  [1.32648287e+04 4.97986757e-01]]

 [[1.32838775e+04 6.01657427e-01]
  [1.32776976e+04 8.14343077e-01]
  [1.32713181e+04 1.92988176e-01]
  [1.32649547e+04 4.03612448e-01]]

 [[1.32839611e+04 4.84534997e-01]
  [1.32780357e+04 5.00837630e-01]
  [1.32716254e+04 4.84033052e-01]
  [1.32661969e+04 4.95646270e-01]]]

#Scanalyzer Final Estimates:
[13283.59476172 13277.7396769  13271.33242396 13264.87193469]
#1Sigma:
[0.01757246 0.0424022  0.08582144 0.02259128]
#Range:
[0.36799965 0.55713152 0.87935586 1.36816251]