#Compiled Fit Local Max Estimates:
[[[1.32835515e+04 1.70554501e+00]
  [1.32773411e+04 1.70554501e+00]
  [1.32712083e+04 1.70554501e+00]
  [1.32652256e+04 1.70554501e+00]]

 [[1.32835685e+04 1.64953934e+00]
  [1.32773466e+04 1.64953934e+00]
  [1.32712280e+04 1.64953934e+00]
  [1.32652551e+04 1.64953934e+00]]

 [[1.32835668e+04 1.65779106e+00]
  [1.32773267e+04 1.65779106e+00]
  [1.32712323e+04 1.65779106e+00]
  [1.32652764e+04 1.65779106e+00]]

 [[1.32835593e+04 1.47059288e+00]
  [1.32773418e+04 1.47059288e+00]
  [1.32712286e+04 1.47059288e+00]
  [1.32652768e+04 1.47059288e+00]]

 [[1.32835700e+04 1.49689213e+00]
  [1.32773589e+04 1.49689213e+00]
  [1.32712527e+04 1.49689213e+00]
  [1.32652855e+04 1.49689213e+00]]

 [[1.32835784e+04 1.53192443e+00]
  [1.32773759e+04 1.53192443e+00]
  [1.32712580e+04 1.53192443e+00]
  [1.32652712e+04 1.53192443e+00]]

 [[1.32835632e+04 1.47981287e+00]
  [1.32773363e+04 1.47981287e+00]
  [1.32712220e+04 1.47981287e+00]
  [1.32652802e+04 1.47981287e+00]]

 [[1.32840123e+04 1.53700788e+00]
  [1.32780686e+04 1.53700788e+00]
  [1.32716823e+04 1.53700788e+00]
  [1.32661777e+04 1.53700788e+00]]]

#Scanalyzer Final Estimates:
[13283.62309323 13277.44008697 13271.29135051 13265.38582575]
#1Sigma:
[0.55132544 0.55132544 0.55132544 0.55132544]
#Range:
[0.46073874 0.74183355 0.47391248 0.95212906]