#Compiled Fit Local Max Estimates:
[[[1.32842273e+04 1.05271838e-02]
  [1.32780895e+04 1.51979099e-02]
  [1.32718839e+04 3.09778536e-02]
  [1.32657198e+04 6.74405212e-02]]

 [[1.32842322e+04 1.00469020e-02]
  [1.32780969e+04 1.27761496e-02]
  [1.32719532e+04 2.50288762e-02]
  [1.32657052e+04 7.42287314e-02]]

 [[1.32842202e+04 1.15352533e-02]
  [1.32780925e+04 1.43643357e-02]
  [1.32718846e+04 3.12218482e-02]
  [1.32657269e+04 7.98664714e-02]]

 [[1.32842162e+04 1.10822529e-02]
  [1.32780855e+04 1.48352140e-02]
  [1.32719041e+04 2.99183412e-02]
  [1.32657462e+04 8.53410904e-02]]

 [[1.32842023e+04 1.18468916e-02]
  [1.32780743e+04 1.51713437e-02]
  [1.32718932e+04 3.17869653e-02]
  [1.32657027e+04 8.61120104e-02]]

 [[1.32842246e+04 1.11699936e-02]
  [1.32781035e+04 1.42734704e-02]
  [1.32719254e+04 3.01999914e-02]
  [1.32657293e+04 7.98915608e-02]]

 [[1.32841765e+04 1.26521834e-02]
  [1.32780518e+04 1.73051310e-02]
  [1.32718782e+04 3.40179714e-02]
  [1.32657156e+04 9.64492791e-02]]

 [[1.32843101e+04 7.97151334e-02]
  [1.32783110e+04 1.49871338e-01]
  [1.32719407e+04 1.96441754e-01]
  [1.32659240e+04 1.03190695e-01]]]

#Scanalyzer Final Estimates:
[13284.21662743 13278.08727944 13271.90776337 13265.73660323]
#1Sigma:
[0.00422079 0.00554847 0.01135367 0.02900836]
#Range:
[0.13352622 0.25924102 0.07507972 0.22129975]