#Compiled Data Local Max Estimates:
[[[1.32839651e+04 1.37614190e-01]
  [1.32780395e+04 2.90602437e-02]
  [1.32714618e+04 7.72981835e-01]
  [1.32659543e+04 1.60246934e-01]]

 [[1.32839307e+04 4.04854475e-01]
  [1.32780400e+04 5.29836023e-02]
  [1.32714618e+04 5.81529429e-01]
  [1.32659543e+04 3.50917975e-01]]

 [[1.32839307e+04 4.04854475e-01]
  [1.32780427e+04 6.21540552e-02]
  [1.32721379e+04 3.43312572e-01]
  [1.32659543e+04 3.46968193e-01]]

 [[1.32839743e+04 3.51909706e-01]
  [1.32780773e+04 1.39728445e-01]
  [1.32715320e+04 9.23550221e-02]
  [1.32659283e+04 5.54218955e-01]]

 [[1.32839042e+04 7.37105915e-02]
  [1.32780336e+04 1.48597967e-01]
  [1.32715291e+04 4.14296097e-01]
  [1.32659233e+04 6.95872397e-02]]

 [[1.32839702e+04 1.03258519e-01]
  [1.32780663e+04 9.88924470e-02]
  [1.32715802e+04 3.91166598e-01]
  [1.32659894e+04 2.06454596e-01]]

 [[1.32840385e+04 4.08779687e-01]
  [1.32780612e+04 1.87661231e-01]
  [1.32714871e+04 5.85655815e-01]
  [1.32658934e+04 4.07324371e-01]]

 [[1.32839747e+04 4.98181025e-01]
  [1.32780298e+04 4.93446646e-01]
  [1.32715777e+04 4.99594613e-01]
  [1.32656272e+04 4.97770268e-01]]]

#Scanalyzer Final Estimates:
[13283.93575039 13278.04241808 13271.56653518 13265.92968294]
#1Sigma:
[0.05263628 0.02219225 0.08174795 0.05786447]
#Range:
[0.13432548 0.04749132 0.6761242  0.36228254]