#Compiled Fit Center Estimates:
[[[1.32845444e+04 1.05271838e-02]
  [1.32784066e+04 1.51979099e-02]
  [1.32722010e+04 3.09778536e-02]
  [1.32660369e+04 6.74405212e-02]]

 [[1.32845443e+04 1.00469020e-02]
  [1.32784089e+04 1.27761496e-02]
  [1.32722653e+04 2.50288762e-02]
  [1.32660172e+04 7.42287314e-02]]

 [[1.32845421e+04 1.15352533e-02]
  [1.32784144e+04 1.43643357e-02]
  [1.32722066e+04 3.12218482e-02]
  [1.32660489e+04 7.98664714e-02]]

 [[1.32845415e+04 1.10822529e-02]
  [1.32784107e+04 1.48352140e-02]
  [1.32722293e+04 2.99183412e-02]
  [1.32660714e+04 8.53410904e-02]]

 [[1.32845413e+04 1.18468916e-02]
  [1.32784133e+04 1.51713437e-02]
  [1.32722322e+04 3.17869653e-02]
  [1.32660417e+04 8.61120104e-02]]

 [[1.32845418e+04 1.11699936e-02]
  [1.32784207e+04 1.42734704e-02]
  [1.32722426e+04 3.01999914e-02]
  [1.32660465e+04 7.98915608e-02]]

 [[1.32845375e+04 1.26521834e-02]
  [1.32784128e+04 1.73051310e-02]
  [1.32722392e+04 3.40179714e-02]
  [1.32660766e+04 9.64492791e-02]]

 [[1.32844902e+04 7.97151334e-02]
  [1.32784911e+04 1.49871338e-01]
  [1.32721209e+04 1.96441754e-01]
  [1.32661041e+04 1.03190695e-01]]]

#Scanalyzer Final Estimates:
[13284.54195649 13278.41255304 13272.23287237 13266.05015368]
#1Sigma:
[0.00422079 0.00554847 0.01135367 0.02900836]
#Range:
[0.05417336 0.08456622 0.14439547 0.08693545]