Transitions      0->0                                                \
Methods      SkewedMu              LocMaxDat              LocMaxFit   
Stats           shift uncertainty      shift uncertainty      shift   
242          0.261774   0.0038433   0.160723   0.0594866   0.255043   
243          0.176668  0.00525999 -0.0685522   0.0823246   0.209577   
244          0.118555  0.00694366  -0.223747   0.0953465  0.0824602   
245                 0           0          0           0          0   
247         -0.192437   0.0055541  -0.443396   0.0852276   -0.17381   

Transitions                   1->1                                     \
Methods                   SkewedMu              LocMaxDat               
Stats       uncertainty      shift uncertainty      shift uncertainty   
242           0.0038433   0.263999  0.00522566   0.350423   0.0629412   
243          0.00525999   0.190392  0.00860112   0.187812   0.0845879   
244          0.00694366  0.0981932    0.010255  -0.034652    0.058662   
245                   0          0           0          0           0   
247           0.0055541  -0.186652   0.0076313 -0.0798328    0.043413   

Transitions                             2->2                        \
Methods      LocMaxFit              SkewedMu             LocMaxDat   
Stats            shift uncertainty     shift uncertainty     shift   
242           0.256417  0.00522566  0.292507  0.00967359  0.602883   
243           0.225364  0.00860112  0.175952  0.00955339  0.418328   
244          0.0620078    0.010255  0.191407   0.0196127  0.229822   
245                  0           0         0           0         0   
247          -0.167581   0.0076313 -0.227103   0.0150536  -0.25727   

Transitions                                         3->3              \
Methods                 LocMaxFit               SkewedMu               
Stats       uncertainty     shift uncertainty      shift uncertainty   
242            0.086794  0.287147  0.00967359   0.284882   0.0260659   
243           0.0429026  0.208193  0.00955339  0.0839195   0.0246623   
244           0.0626733  0.156437   0.0196127 -0.0293163   0.0566944   
245                   0         0           0          0           0   
247           0.0868833 -0.205858   0.0150536  -0.427485   0.0385113   

Transitions                                                
Methods      LocMaxDat              LocMaxFit              
Stats            shift uncertainty      shift uncertainty  
242          0.0593544    0.121739   0.280698   0.0260659  
243         -0.0510828   0.0848487   0.117717   0.0246623  
244          -0.160723   0.0663582 -0.0615576   0.0566944  
245                  0           0          0           0  
247          -0.269876    0.121257  -0.391709   0.0385113  