#Compiled Fit Center Estimates:
[[[[1.32848505e+04 2.30606838e-02]
   [1.32786713e+04 3.35274772e-02]
   [           nan            nan]
   [           nan            nan]]

  [[1.32848318e+04 2.55551781e-02]
   [1.32786790e+04 3.61709836e-02]
   [           nan            nan]
   [           nan            nan]]

  [[1.32848338e+04 4.26216979e-02]
   [1.32786597e+04 5.40685672e-02]
   [1.32727822e+04 7.01179383e-02]
   [1.32663623e+04 1.62252118e-01]]

  [[1.32848863e+04 3.30747916e-02]
   [1.32786973e+04 4.85692492e-02]
   [           nan            nan]
   [           nan            nan]]

  [[1.32847356e+04 3.09138437e-01]
   [1.32784826e+04 2.91500413e-01]
   [1.32725299e+04 2.49007373e-01]
   [1.32659242e+04 6.60332728e-01]]

  [[1.32848494e+04 3.36276920e-02]
   [1.32786882e+04 4.76425473e-02]
   [1.32727849e+04 5.96264886e-02]
   [1.32664459e+04 7.19511268e-02]]

  [[1.32848720e+04 3.10233902e-02]
   [1.32786929e+04 4.53393281e-02]
   [           nan            nan]
   [           nan            nan]]

  [[1.32849119e+04 2.21120935e-02]
   [1.32787147e+04 3.20521489e-02]
   [1.32726730e+04 4.70978111e-02]
   [1.32664440e+04 8.40114574e-02]]

  [[1.32848217e+04 7.71227638e-02]
   [1.32786426e+04 8.04523023e-02]
   [1.32726132e+04 9.21111770e-02]
   [1.32662568e+04 6.70198013e-01]]

  [[1.32848328e+04 3.03090285e-02]
   [1.32786595e+04 4.20432055e-02]
   [           nan            nan]
   [           nan            nan]]

  [[1.32848391e+04 2.98702158e-02]
   [1.32786914e+04 4.33338619e-02]
   [1.32727868e+04 5.10852475e-02]
   [1.32664169e+04 1.09743213e-01]]

  [[1.32848838e+04 3.34719535e-02]
   [1.32787097e+04 4.58475778e-02]
   [1.32729752e+04 5.26650129e-02]
   [1.32667328e+04 1.46504786e-01]]

  [[1.32848736e+04 2.61626343e-02]
   [1.32786924e+04 3.52878546e-02]
   [1.32726274e+04 4.72151997e-02]
   [1.32663912e+04 6.44774920e-02]]

  [[1.32849067e+04 2.61639712e-02]
   [1.32787205e+04 3.46063905e-02]
   [1.32726402e+04 4.83906207e-02]
   [1.32664313e+04 1.03847375e-01]]

  [[1.32848566e+04 4.10588309e-02]
   [1.32786896e+04 5.44777166e-02]
   [1.32727956e+04 6.84121952e-02]
   [1.32664340e+04 1.60743646e-01]]

  [[1.32848595e+04 3.42055024e-02]
   [1.32786671e+04 4.49117196e-02]
   [1.32727270e+04 5.43828325e-02]
   [1.32664277e+04 1.23445412e-01]]

  [[1.32849070e+04 3.13623983e-02]
   [1.32787159e+04 4.74745031e-02]
   [1.32726137e+04 6.06352481e-02]
   [1.32664187e+04 3.81084859e-02]]

  [[1.32848688e+04 2.90392377e-02]
   [1.32786783e+04 3.90541606e-02]
   [1.32725703e+04 5.25234166e-02]
   [1.32663281e+04 6.48490106e-02]]

  [[1.32849095e+04 4.15063171e-02]
   [1.32786764e+04 5.51215196e-02]
   [1.32726496e+04 6.73294993e-02]
   [1.32663625e+04 3.82269677e-02]]

  [[1.32848236e+04 2.42549433e-02]
   [1.32786638e+04 3.47865815e-02]
   [           nan            nan]
   [           nan            nan]]]


 [[[1.32848393e+04 3.53124178e-02]
   [1.32786983e+04 4.82308626e-02]
   [1.32728740e+04 7.61605795e-02]
   [1.32665046e+04 1.65438293e-01]]

  [[1.32848704e+04 4.24441652e-02]
   [1.32786918e+04 5.96404496e-02]
   [1.32728351e+04 8.82104239e-02]
   [1.32665800e+04 1.83629713e-01]]

  [[1.32848302e+04 3.46928098e-02]
   [1.32786955e+04 5.00383124e-02]
   [1.32727890e+04 7.05601071e-02]
   [1.32665142e+04 1.27037224e-01]]

  [[1.32848537e+04 3.47939935e-02]
   [1.32787027e+04 5.00474423e-02]
   [1.32729015e+04 7.77345045e-02]
   [1.32665841e+04 1.67480509e-01]]

  [[1.32848577e+04 2.66431263e-02]
   [1.32786895e+04 3.74985784e-02]
   [1.32726606e+04 6.14515477e-02]
   [1.32664998e+04 1.44115143e-01]]

  [[1.32848060e+04 4.75040737e-02]
   [1.32786506e+04 5.94908781e-02]
   [1.32728460e+04 7.82497423e-02]
   [1.32662852e+04 4.54400567e-01]]

  [[1.32848322e+04 3.51793367e-02]
   [1.32786711e+04 4.93364896e-02]
   [1.32728169e+04 7.55296610e-02]
   [1.32665493e+04 1.13220510e-01]]

  [[1.32848471e+04 2.77619577e-02]
   [1.32786891e+04 4.00959536e-02]
   [           nan            nan]
   [           nan            nan]]

  [[1.32847751e+04 3.26496309e-02]
   [1.32786217e+04 4.24467527e-02]
   [1.32725387e+04 5.71703306e-02]
   [1.32663480e+04 1.02239688e-01]]

  [[1.32847983e+04 4.37506529e-02]
   [1.32786348e+04 5.76596609e-02]
   [1.32728228e+04 7.82342896e-02]
   [1.32661915e+04 4.53910036e-01]]

  [[1.32848624e+04 2.82312961e-02]
   [1.32786728e+04 3.63740197e-02]
   [1.32726633e+04 9.40904877e-02]
   [1.32664495e+04 1.12357821e-01]]

  [[1.32848459e+04 3.37469237e-02]
   [1.32787109e+04 4.87275310e-02]
   [1.32728354e+04 7.55406541e-02]
   [1.32665281e+04 1.88133737e-01]]

  [[1.32848650e+04 2.51156980e-02]
   [1.32786907e+04 3.50637490e-02]
   [1.32726345e+04 5.57438259e-02]
   [1.32664582e+04 1.77581097e-01]]

  [[1.32848579e+04 3.31871868e-02]
   [1.32786844e+04 4.96406036e-02]
   [           nan            nan]
   [           nan            nan]]

  [[1.32848492e+04 3.67708283e-02]
   [1.32786841e+04 5.22109592e-02]
   [           nan            nan]
   [           nan            nan]]

  [[1.32848280e+04 4.06665852e-02]
   [1.32786691e+04 5.48218965e-02]
   [1.32728719e+04 8.59587107e-02]
   [1.32665959e+04 3.29036996e-01]]

  [[1.32848402e+04 3.73329724e-02]
   [1.32786726e+04 5.20462522e-02]
   [           nan            nan]
   [           nan            nan]]

  [[1.32848603e+04 2.81051234e-02]
   [1.32786955e+04 3.89127960e-02]
   [           nan            nan]
   [           nan            nan]]

  [[1.32848282e+04 2.99813866e-02]
   [1.32786496e+04 4.18549655e-02]
   [           nan            nan]
   [           nan            nan]]

  [[1.32848217e+04 3.52878849e-02]
   [1.32786715e+04 4.77866491e-02]
   [1.32728622e+04 7.10394199e-02]
   [1.32666057e+04 1.73237777e-01]]]


 [[[1.32848154e+04 4.49606243e-02]
   [1.32786816e+04 6.07630011e-02]
   [           nan            nan]
   [           nan            nan]]

  [[1.32847981e+04 4.63481382e-02]
   [1.32786580e+04 6.04961177e-02]
   [1.32728090e+04 9.17973084e-02]
   [1.32664354e+04 1.74379002e-01]]

  [[1.32848463e+04 2.78785579e-02]
   [1.32786355e+04 3.92285136e-02]
   [           nan            nan]
   [           nan            nan]]

  [[1.32848397e+04 3.66906213e-02]
   [1.32786847e+04 5.07251437e-02]
   [1.32728214e+04 9.09968169e-02]
   [1.32664923e+04 1.92430410e-01]]

  [[1.32848365e+04 2.98654958e-02]
   [1.32786424e+04 4.04750479e-02]
   [           nan            nan]
   [           nan            nan]]

  [[1.32847955e+04 3.35482346e-02]
   [1.32786449e+04 4.38410545e-02]
   [           nan            nan]
   [           nan            nan]]

  [[1.32848589e+04 2.73961188e-02]
   [1.32786712e+04 3.90138437e-02]
   [           nan            nan]
   [           nan            nan]]

  [[1.32848269e+04 4.23997930e-02]
   [1.32786362e+04 5.59160193e-02]
   [           nan            nan]
   [           nan            nan]]

  [[1.32848707e+04 4.00430339e-02]
   [1.32786792e+04 5.72116244e-02]
   [           nan            nan]
   [           nan            nan]]

  [[1.32848540e+04 2.49926209e-02]
   [1.32787029e+04 3.44176022e-02]
   [1.32726340e+04 5.66088264e-02]
   [1.32664985e+04 2.77696505e-01]]

  [[1.32848377e+04 2.75707851e-02]
   [1.32786458e+04 3.79524211e-02]
   [           nan            nan]
   [           nan            nan]]

  [[1.32848553e+04 2.51305244e-02]
   [1.32786812e+04 3.49806459e-02]
   [1.32726754e+04 5.99769856e-02]
   [1.32664762e+04 1.33581293e-01]]

  [[1.32848632e+04 3.61091293e-02]
   [1.32786665e+04 5.06550657e-02]
   [1.32728459e+04 9.31063536e-02]
   [1.32665058e+04 1.46975319e-01]]

  [[1.32848511e+04 2.62996333e-02]
   [1.32786524e+04 3.70255864e-02]
   [1.32726602e+04 4.11721342e-02]
   [1.32664071e+04 1.01810999e-01]]

  [[1.32848231e+04 3.00078706e-02]
   [1.32786689e+04 4.20662173e-02]
   [           nan            nan]
   [           nan            nan]]

  [[1.32848646e+04 3.38533044e-02]
   [1.32786671e+04 4.95978518e-02]
   [           nan            nan]
   [           nan            nan]]

  [[1.32848457e+04 3.43598550e-02]
   [1.32786614e+04 4.90066136e-02]
   [1.32728076e+04 8.40874389e-02]
   [1.32665061e+04 1.73288325e-01]]

  [[1.32848028e+04 4.65452269e-02]
   [1.32786598e+04 6.05011576e-02]
   [1.32727556e+04 1.04105691e-01]
   [1.32663404e+04 1.85139950e-01]]

  [[1.32848499e+04 2.59602028e-02]
   [1.32786858e+04 3.91792386e-02]
   [           nan            nan]
   [           nan            nan]]

  [[1.32848194e+04 3.02208903e-02]
   [1.32786617e+04 4.22174098e-02]
   [           nan            nan]
   [           nan            nan]]]


 [[[1.32848376e+04 3.15644468e-02]
   [1.32786573e+04 4.41539487e-02]
   [           nan            nan]
   [           nan            nan]]

  [[1.32847692e+04 6.93386468e-02]
   [1.32786116e+04 8.23354675e-02]
   [1.32727391e+04 1.30888324e-01]
   [1.32662462e+04 1.10284685e+00]]

  [[1.32848432e+04 2.17941318e-02]
   [1.32786986e+04 3.25129888e-02]
   [1.32725914e+04 5.70542216e-02]
   [           nan            nan]]

  [[1.32848480e+04 3.36967058e-02]
   [1.32786731e+04 4.58697663e-02]
   [1.32727345e+04 9.30482489e-02]
   [1.32664590e+04 1.43147914e-01]]

  [[1.32848055e+04 7.00528073e-02]
   [1.32786550e+04 8.44959884e-02]
   [1.32726466e+04 1.32351977e-01]
   [1.32663578e+04 3.52057783e-01]]

  [[1.32848260e+04 2.51862252e-02]
   [1.32786731e+04 3.64689600e-02]
   [1.32725772e+04 6.35594209e-02]
   [           nan            nan]]

  [[1.32848531e+04 3.80980487e-02]
   [1.32786785e+04 5.52725433e-02]
   [           nan            nan]
   [           nan            nan]]

  [[1.32848651e+04 2.53498824e-02]
   [1.32786905e+04 3.60016741e-02]
   [1.32725697e+04 6.52390602e-02]
   [           nan            nan]]

  [[1.32848275e+04 3.84285582e-02]
   [1.32786574e+04 5.11776245e-02]
   [1.32727987e+04 1.00679102e-01]
   [1.32666217e+04 2.51838880e-01]]

  [[1.32848523e+04 3.35886285e-02]
   [1.32787098e+04 5.11138416e-02]
   [           nan            nan]
   [           nan            nan]]

  [[1.32848364e+04 3.03275142e-02]
   [1.32786762e+04 4.40871460e-02]
   [           nan            nan]
   [           nan            nan]]

  [[1.32848409e+04 2.50821108e-02]
   [1.32786719e+04 3.47392274e-02]
   [1.32725461e+04 5.99224222e-02]
   [           nan            nan]]

  [[1.32848134e+04 3.55718127e-02]
   [1.32786526e+04 4.58903957e-02]
   [1.32727690e+04 9.36971231e-02]
   [1.32662343e+04 6.28028844e-01]]

  [[1.32848530e+04 2.87271071e-02]
   [1.32786636e+04 4.17106812e-02]
   [           nan            nan]
   [           nan            nan]]

  [[1.32848401e+04 3.21463086e-02]
   [1.32786766e+04 4.34168571e-02]
   [1.32727540e+04 8.29357422e-02]
   [1.32664296e+04 1.66273763e-01]]

  [[1.32848414e+04 2.26847321e-02]
   [1.32786794e+04 3.23719819e-02]
   [1.32726056e+04 6.04845452e-02]
   [           nan            nan]]

  [[1.32848561e+04 3.38831374e-02]
   [1.32786872e+04 4.79771207e-02]
   [1.32728181e+04 9.73137136e-02]
   [1.32664975e+04 1.78264032e-01]]

  [[1.32848490e+04 2.79530975e-02]
   [1.32786932e+04 4.02578050e-02]
   [1.32727202e+04 8.42262113e-02]
   [1.32665411e+04 2.15135858e-01]]

  [[1.32848452e+04 2.90772694e-02]
   [1.32786757e+04 4.35619192e-02]
   [           nan            nan]
   [           nan            nan]]

  [[1.32847903e+04 3.12227098e-02]
   [1.32786376e+04 4.18268459e-02]
   [1.32725409e+04 6.86807449e-02]
   [           nan            nan]]]


 [[[1.32848349e+04 4.10477124e-02]
   [1.32786379e+04 5.73332715e-02]
   [           nan            nan]
   [           nan            nan]]

  [[1.32848149e+04 3.78338800e-02]
   [1.32786657e+04 5.22702984e-02]
   [1.32726484e+04 1.00454495e-01]
   [           nan            nan]]

  [[1.32848326e+04 3.61093375e-02]
   [1.32786824e+04 5.04700630e-02]
   [1.32726898e+04 1.07000491e-01]
   [           nan            nan]]

  [[1.32848498e+04 4.32813306e-02]
   [1.32786926e+04 6.28661600e-02]
   [           nan            nan]
   [           nan            nan]]

  [[1.32848532e+04 4.92645616e-02]
   [1.32786497e+04 6.81457826e-02]
   [           nan            nan]
   [           nan            nan]]

  [[1.32848513e+04 4.45676808e-02]
   [1.32786719e+04 6.41095221e-02]
   [           nan            nan]
   [           nan            nan]]

  [[1.32848421e+04 3.07893824e-02]
   [1.32786377e+04 4.29411752e-02]
   [1.32725891e+04 6.85481804e-02]
   [1.32664032e+04 1.15383301e-01]]

  [[1.32848310e+04 3.42318582e-02]
   [1.32786745e+04 4.88046374e-02]
   [1.32727481e+04 1.01647985e-01]
   [           nan            nan]]

  [[1.32848670e+04 2.71256799e-02]
   [1.32786866e+04 4.09205817e-02]
   [1.32726150e+04 7.22386218e-02]
   [           nan            nan]]

  [[1.32848387e+04 2.77872385e-02]
   [1.32786691e+04 3.93719282e-02]
   [1.32725808e+04 7.02046074e-02]
   [           nan            nan]]

  [[1.32848387e+04 3.43996426e-02]
   [1.32786717e+04 5.02188191e-02]
   [           nan            nan]
   [           nan            nan]]

  [[1.32848289e+04 2.84646394e-02]
   [1.32786662e+04 3.98651900e-02]
   [1.32725155e+04 6.61690871e-02]
   [           nan            nan]]

  [[1.32848686e+04 2.48086884e-02]
   [1.32786918e+04 3.70393974e-02]
   [1.32725709e+04 6.31382068e-02]
   [           nan            nan]]

  [[1.32848435e+04 4.45446979e-02]
   [1.32786646e+04 6.28935092e-02]
   [           nan            nan]
   [           nan            nan]]

  [[1.32848452e+04 2.70180875e-02]
   [1.32786818e+04 3.95414255e-02]
   [1.32726047e+04 6.88089477e-02]
   [           nan            nan]]

  [[1.32848078e+04 3.96349472e-02]
   [1.32786649e+04 5.26028456e-02]
   [1.32726692e+04 1.10276968e-01]
   [           nan            nan]]

  [[1.32848442e+04 2.42964928e-02]
   [1.32786820e+04 3.59923696e-02]
   [1.32726070e+04 6.42362422e-02]
   [           nan            nan]]

  [[1.32848076e+04 3.36064152e-02]
   [1.32786591e+04 4.58368549e-02]
   [1.32725473e+04 7.35333466e-02]
   [           nan            nan]]

  [[1.32848355e+04 3.72796607e-02]
   [1.32786596e+04 5.18772567e-02]
   [1.32727329e+04 1.08851947e-01]
   [1.32664545e+04 1.23823374e-01]]

  [[1.32848216e+04 4.52688840e-02]
   [1.32786526e+04 6.37957666e-02]
   [           nan            nan]
   [           nan            nan]]]


 [[[1.32848225e+04 3.00067725e-02]
   [1.32786683e+04 4.18119390e-02]
   [1.32725238e+04 7.28506219e-02]
   [           nan            nan]]

  [[1.32848538e+04 3.13773640e-02]
   [1.32786905e+04 4.38562979e-02]
   [1.32726776e+04 7.72132818e-02]
   [           nan            nan]]

  [[1.32848541e+04 4.71043597e-02]
   [1.32786844e+04 6.55138132e-02]
   [           nan            nan]
   [           nan            nan]]

  [[1.32848419e+04 4.89820271e-02]
   [1.32786494e+04 6.33591253e-02]
   [           nan            nan]
   [           nan            nan]]

  [[1.32848002e+04 3.66361986e-02]
   [1.32786569e+04 4.59611979e-02]
   [1.32725242e+04 8.50240622e-02]
   [           nan            nan]]

  [[1.32848110e+04 3.24781164e-02]
   [1.32786450e+04 4.43592423e-02]
   [1.32725426e+04 7.92453053e-02]
   [           nan            nan]]

  [[1.32848193e+04 3.24848998e-02]
   [1.32786594e+04 4.52016845e-02]
   [1.32727303e+04 9.37429446e-02]
   [           nan            nan]]

  [[1.32848395e+04 2.82682042e-02]
   [1.32786612e+04 4.04894864e-02]
   [1.32725943e+04 7.17406385e-02]
   [           nan            nan]]

  [[1.32848056e+04 5.39358685e-02]
   [1.32786293e+04 7.14887263e-02]
   [           nan            nan]
   [           nan            nan]]

  [[1.32848411e+04 4.84109805e-02]
   [1.32786691e+04 6.61923560e-02]
   [           nan            nan]
   [           nan            nan]]

  [[1.32848310e+04 4.90232278e-02]
   [1.32786703e+04 6.48267371e-02]
   [           nan            nan]
   [           nan            nan]]

  [[1.32848294e+04 3.37483795e-02]
   [1.32786852e+04 4.51042964e-02]
   [1.32726015e+04 7.44573684e-02]
   [           nan            nan]]

  [[1.32848177e+04 5.30678201e-02]
   [1.32786369e+04 7.04311113e-02]
   [           nan            nan]
   [           nan            nan]]

  [[1.32848494e+04 3.08686336e-02]
   [1.32787058e+04 4.51500368e-02]
   [1.32726305e+04 8.26400240e-02]
   [           nan            nan]]

  [[1.32848267e+04 3.38203812e-02]
   [1.32786477e+04 4.71275489e-02]
   [1.32724865e+04 8.66190958e-02]
   [           nan            nan]]

  [[1.32848315e+04 5.31891827e-02]
   [1.32786566e+04 7.20017497e-02]
   [           nan            nan]
   [           nan            nan]]

  [[1.32848251e+04 3.53197067e-02]
   [1.32786651e+04 4.85215067e-02]
   [1.32726365e+04 7.84451830e-02]
   [           nan            nan]]

  [[1.32848290e+04 3.38151333e-02]
   [1.32786875e+04 4.72038744e-02]
   [1.32725040e+04 8.50602299e-02]
   [           nan            nan]]

  [[1.32848556e+04 5.04341914e-02]
   [1.32786634e+04 6.90739589e-02]
   [           nan            nan]
   [           nan            nan]]

  [[1.32848143e+04 3.35106517e-02]
   [1.32786439e+04 4.62763544e-02]
   [1.32725852e+04 8.60050193e-02]
   [           nan            nan]]]]

#Scanalyzer Final Estimates:
[13284.84407501 13278.67411361 13272.67545147 13266.42306891]
#1Sigma:
[0.03255799 0.04549957 0.07152348 0.11062749]
#Range:
[0.17631166 0.23782312 0.48870731 0.80862974]