#Compiled Polynomial Fit Local Max Estimates:
[[[[1.32841037e+04 1.00000000e-03]
   [1.32781677e+04 1.00000000e-03]
   [1.32719717e+04 1.00000000e-03]
   [1.32660709e+04 1.00000000e-03]]]


 [[[1.32841177e+04 1.00000000e-03]
   [1.32781827e+04 1.00000000e-03]
   [1.32719782e+04 1.00000000e-03]
   [1.32660692e+04 1.00000000e-03]]]


 [[[1.32841661e+04 1.00000000e-03]
   [1.32781391e+04 1.00000000e-03]
   [1.32718701e+04 1.00000000e-03]
   [1.32661178e+04 1.00000000e-03]]]


 [[[1.32841100e+04 1.00000000e-03]
   [1.32781560e+04 1.00000000e-03]
   [1.32718580e+04 1.00000000e-03]
   [1.32660544e+04 1.00000000e-03]]]


 [[[1.32841267e+04 1.00000000e-03]
   [1.32781257e+04 1.00000000e-03]
   [1.32718547e+04 1.00000000e-03]
   [1.32660462e+04 1.00000000e-03]]]]

#Scanalyzer Final Estimates:
[13284.12485908 13278.15425908 13271.90653336 13266.07172055]
#1Sigma:
[0.011019   0.01011196 0.02807459 0.0124252 ]
#Range:
[0.06238774 0.05705008 0.1234879  0.07160879]