#Compiled Data Local Max Estimates:
[[[[1.32840418e+04 2.45731943e-01]
   [1.32781164e+04 1.74525065e-01]
   [           nan            nan]
   [           nan            nan]]

  [[1.32841081e+04 1.15464525e-01]
   [1.32783301e+04 6.35855946e-02]
   [           nan            nan]
   [           nan            nan]]

  [[1.32840419e+04 2.24869717e-01]
   [1.32776114e+04 2.04259412e-01]
   [1.32719160e+04 4.45037095e-01]
   [1.32658541e+04 2.36745774e-01]]

  [[1.32840418e+04 2.25528528e-01]
   [1.32779599e+04 6.28994483e-02]
   [           nan            nan]
   [           nan            nan]]

  [[1.32841087e+04 4.74276938e-01]
   [1.32776100e+04 2.06016758e-01]
   [1.32714846e+04 3.11433801e-01]
   [1.32656341e+04 5.90976200e-01]]

  [[1.32841079e+04 3.95840182e-01]
   [1.32781442e+04 5.70278121e-02]
   [1.32720304e+04 3.86872399e-01]
   [1.32658543e+04 6.03095124e-01]]

  [[1.32843497e+04 1.54964657e-01]
   [1.32779916e+04 4.75256959e-01]
   [           nan            nan]
   [           nan            nan]]

  [[1.32840418e+04 1.82143809e-01]
   [1.32782909e+04 1.72864835e-01]
   [1.32719160e+04 3.35616262e-02]
   [1.32659147e+04 6.63118162e-01]]

  [[1.32841077e+04 4.73188908e-01]
   [1.32780868e+04 2.70785552e-01]
   [1.32714846e+04 5.46185989e-01]
   [1.32651637e+04 1.20113469e-01]]

  [[1.32841084e+04 2.36122479e-01]
   [1.32781438e+04 1.20542847e-01]
   [           nan            nan]
   [           nan            nan]]

  [[1.32841082e+04 3.95160844e-01]
   [1.32781438e+04 4.47089297e-01]
   [1.32717966e+04 5.65185007e-01]
   [1.32654602e+04 6.55833123e-02]]

  [[1.32840418e+04 4.61198345e-01]
   [1.32782909e+04 6.79306362e-01]
   [1.32720308e+04 3.30307956e-01]
   [1.32658542e+04 8.10373566e-01]]

  [[1.32843501e+04 4.18977330e-01]
   [1.32781437e+04 4.23178708e-01]
   [1.32719160e+04 1.19448543e-01]
   [1.32658539e+04 6.02255076e-01]]

  [[1.32843800e+04 5.08069571e-01]
   [1.32784680e+04 3.24571657e-01]
   [1.32723614e+04 4.79611003e-01]
   [1.32655087e+04 2.26848222e-01]]

  [[1.32840418e+04 1.09133232e-01]
   [1.32781173e+04 2.13162388e-01]
   [1.32719160e+04 1.18887017e-01]
   [1.32658539e+04 5.28763813e-01]]

  [[1.32838720e+04 6.32156771e-01]
   [1.32784676e+04 5.07958319e-01]
   [1.32720305e+04 2.65228841e-02]
   [1.32656336e+04 3.52618045e-01]]

  [[1.32841077e+04 2.34781743e-01]
   [1.32778755e+04 2.42195088e-01]
   [1.32717964e+04 4.67265754e-01]
   [1.32658541e+04 6.06684626e-02]]

  [[1.32843788e+04 1.24295675e-01]
   [1.32776108e+04 7.18859709e-01]
   [1.32717958e+04 8.64864388e-02]
   [1.32658541e+04 6.02428335e-01]]

  [[1.32840418e+04 2.78860529e-01]
   [1.32781180e+04 1.57886858e-01]
   [1.32720305e+04 1.14517124e-01]
   [1.32658542e+04 5.74296498e-02]]

  [[1.32841087e+04 1.77423670e-01]
   [1.32781161e+04 2.92045753e-02]
   [           nan            nan]
   [           nan            nan]]]


 [[[1.32843394e+04 3.53052988e-01]
   [1.32785057e+04 2.53476633e-01]
   [1.32718930e+04 5.57580912e-02]
   [1.32652498e+04 2.51056647e-01]]

  [[1.32840323e+04 9.22140403e-02]
   [1.32780899e+04 1.61507539e-01]
   [1.32718935e+04 1.40025883e-01]
   [1.32658362e+04 8.97557415e-01]]

  [[1.32840913e+04 6.30333019e-02]
   [1.32781444e+04 1.94233795e-01]
   [1.32718942e+04 4.46091807e-01]
   [1.32658370e+04 1.96850016e-01]]

  [[1.32840916e+04 2.48049156e-01]
   [1.32781445e+04 1.52288496e-01]
   [1.32718939e+04 5.63297042e-02]
   [1.32653035e+04 2.45895689e-01]]

  [[1.32838416e+04 4.41269153e-01]
   [1.32783392e+04 1.94957777e-01]
   [1.32720397e+04 9.03791790e-02]
   [1.32658376e+04 5.01532301e-01]]

  [[1.32840913e+04 1.42049378e-01]
   [1.32780895e+04 1.62056852e-01]
   [1.32720411e+04 9.31027734e-02]
   [1.32652494e+04 1.40577266e-01]]

  [[1.32840911e+04 2.48392563e-01]
   [1.32781443e+04 1.43320334e-01]
   [1.32720401e+04 2.99954869e-01]
   [1.32658371e+04 1.96582392e-01]]

  [[1.32840323e+04 2.50721093e-01]
   [1.32779911e+04 1.52548596e-01]
   [           nan            nan]
   [           nan            nan]]

  [[1.32840915e+04 2.49681633e-01]
   [1.32780902e+04 1.97518761e-01]
   [1.32718944e+04 9.25216515e-02]
   [1.32658356e+04 5.85937744e-01]]

  [[1.32840916e+04 1.05368228e-01]
   [1.32780895e+04 1.62215790e-01]
   [1.32720408e+04 9.17154625e-02]
   [1.32653028e+04 1.10708436e-01]]

  [[1.32840921e+04 2.49938935e-01]
   [1.32780902e+04 2.48377302e-01]
   [1.32720391e+04 2.13947501e-01]
   [1.32652490e+04 2.50537675e-01]]

  [[1.32840325e+04 2.50392409e-01]
   [1.32780894e+04 3.50663610e-01]
   [1.32720393e+04 2.02939820e-01]
   [1.32652492e+04 3.91142114e-01]]

  [[1.32840916e+04 2.49274888e-01]
   [1.32779926e+04 1.51079603e-01]
   [1.32718938e+04 9.35010185e-02]
   [1.32652495e+04 1.40441104e-01]]

  [[1.32843397e+04 5.86819199e-02]
   [1.32781447e+04 1.53204587e-01]
   [           nan            nan]
   [           nan            nan]]

  [[1.32840913e+04 1.50253986e-01]
   [1.32779919e+04 1.98431923e-01]
   [           nan            nan]
   [           nan            nan]]

  [[1.32840913e+04 2.48579734e-01]
   [1.32780894e+04 3.93661994e-01]
   [1.32719481e+04 7.49286594e-01]
   [1.32653025e+04 4.65949898e-01]]

  [[1.32840921e+04 1.90695742e-01]
   [1.32782521e+04 5.57199155e-01]
   [           nan            nan]
   [           nan            nan]]

  [[1.32842828e+04 2.04116477e-01]
   [1.32780900e+04 1.40009401e-01]
   [           nan            nan]
   [           nan            nan]]

  [[1.32840914e+04 1.41445091e-01]
   [1.32779928e+04 4.45697261e-02]
   [           nan            nan]
   [           nan            nan]]

  [[1.32840915e+04 5.91844230e-02]
   [1.32779919e+04 2.58790896e-01]
   [1.32718940e+04 5.43807099e-02]
   [1.32652498e+04 1.39152949e-01]]]


 [[[1.32840919e+04 1.25038214e-01]
   [1.32781429e+04 3.56661628e-01]
   [           nan            nan]
   [           nan            nan]]

  [[1.32843603e+04 1.42434001e-01]
   [1.32782719e+04 1.28785433e-01]
   [1.32718996e+04 2.22684614e-01]
   [1.32652528e+04 1.99511600e-01]]

  [[1.32843603e+04 3.39290676e-01]
   [1.32782726e+04 7.00630640e-02]
   [           nan            nan]
   [           nan            nan]]

  [[1.32843597e+04 4.84176017e-01]
   [1.32782729e+04 1.29616177e-01]
   [1.32719001e+04 1.56230702e-01]
   [1.32658161e+04 5.63400537e-01]]

  [[1.32843589e+04 6.97759696e-02]
   [1.32781435e+04 4.29361646e-01]
   [           nan            nan]
   [           nan            nan]]

  [[1.32840920e+04 1.46990502e-01]
   [1.32780684e+04 6.49741915e-02]
   [           nan            nan]
   [           nan            nan]]

  [[1.32840214e+04 2.69172151e-01]
   [1.32783441e+04 7.16038702e-02]
   [           nan            nan]
   [           nan            nan]]

  [[1.32840919e+04 7.03995110e-02]
   [1.32780667e+04 2.06886130e-01]
   [           nan            nan]
   [           nan            nan]]

  [[1.32843600e+04 6.99535002e-02]
   [1.32781428e+04 2.93437621e-01]
   [           nan            nan]
   [           nan            nan]]

  [[1.32840918e+04 1.98283689e-01]
   [1.32780050e+04 2.68493655e-01]
   [1.32718985e+04 2.24005810e-01]
   [1.32652544e+04 6.26307044e-01]]

  [[1.32840913e+04 1.98178663e-01]
   [1.32782735e+04 6.93560100e-02]
   [           nan            nan]
   [           nan            nan]]

  [[1.32840910e+04 1.98922541e-01]
   [1.32780691e+04 6.64056978e-02]
   [1.32718996e+04 4.95585598e-01]
   [1.32660199e+04 7.65842962e-01]]

  [[1.32843595e+04 6.86799412e-02]
   [1.32780683e+04 7.46044719e-02]
   [1.32718990e+04 6.53807161e-02]
   [1.32656179e+04 1.98432379e-01]]

  [[1.32840920e+04 1.26145903e-01]
   [1.32781425e+04 3.54914499e-01]
   [1.32719001e+04 5.59804945e-01]
   [1.32656192e+04 5.52786683e-01]]

  [[1.32843596e+04 1.41918135e-01]
   [1.32781440e+04 1.40039450e-01]
   [           nan            nan]
   [           nan            nan]]

  [[1.32843599e+04 3.38425303e-01]
   [1.32782727e+04 1.29233199e-01]
   [           nan            nan]
   [           nan            nan]]

  [[1.32840922e+04 3.38254741e-01]
   [1.32780678e+04 2.75350761e-01]
   [1.32718990e+04 4.96578584e-01]
   [1.32660185e+04 1.37781223e-01]]

  [[1.32843593e+04 5.58763556e-01]
   [1.32780687e+04 2.74248940e-01]
   [1.32718996e+04 3.52840701e-01]
   [1.32658153e+04 1.96151228e-01]]

  [[1.32843587e+04 6.84581438e-02]
   [1.32781428e+04 2.00514345e-01]
   [           nan            nan]
   [           nan            nan]]

  [[1.32840913e+04 1.98716219e-01]
   [1.32780033e+04 1.39372119e-01]
   [           nan            nan]
   [           nan            nan]]]


 [[[1.32840617e+04 1.01157223e-01]
   [1.32782682e+04 3.99313543e-01]
   [           nan            nan]
   [           nan            nan]]

  [[1.32840603e+04 3.05320983e-01]
   [1.32780591e+04 9.29139526e-02]
   [1.32717738e+04 5.91498280e-01]
   [1.32652611e+04 2.06646729e-01]]

  [[1.32840598e+04 1.08468638e-01]
   [1.32777654e+04 4.06306948e-01]
   [1.32717733e+04 1.03519312e-01]
   [           nan            nan]]

  [[1.32843678e+04 5.00972103e-01]
   [1.32780596e+04 3.08376137e-01]
   [1.32718709e+04 1.02130864e-01]
   [1.32660607e+04 9.87403946e-02]]

  [[1.32842608e+04 2.99657453e-01]
   [1.32781715e+04 5.06338947e-01]
   [1.32717732e+04 4.95755311e-01]
   [1.32658655e+04 2.02869058e-01]]

  [[1.32840611e+04 1.99274534e-01]
   [1.32780600e+04 2.95471767e-01]
   [1.32720676e+04 9.40791311e-02]
   [           nan            nan]]

  [[1.32843680e+04 4.07165456e-01]
   [1.32782681e+04 5.02597550e-01]
   [           nan            nan]
   [           nan            nan]]

  [[1.32841701e+04 2.08656269e-01]
   [1.32780592e+04 3.09161028e-01]
   [1.32718709e+04 4.94547140e-01]
   [           nan            nan]]

  [[1.32840608e+04 1.93463476e-01]
   [1.32782679e+04 3.00817152e-01]
   [1.32718710e+04 4.95630194e-01]
   [1.32658659e+04 2.91277247e-01]]

  [[1.32842618e+04 3.01213244e-01]
   [1.32780579e+04 2.10144228e-01]
   [           nan            nan]
   [           nan            nan]]

  [[1.32839603e+04 5.07498026e-01]
   [1.32782679e+04 5.02029560e-01]
   [           nan            nan]
   [           nan            nan]]

  [[1.32840598e+04 1.09232812e-01]
   [1.32781731e+04 1.96646128e-01]
   [1.32718707e+04 1.02224394e-01]
   [           nan            nan]]

  [[1.32840617e+04 1.07477408e-01]
   [1.32780589e+04 2.93135146e-01]
   [1.32718714e+04 1.96564143e-01]
   [1.32650709e+04 7.97272366e-01]]

  [[1.32839625e+04 5.05549257e-01]
   [1.32780596e+04 2.93599447e-01]
   [           nan            nan]
   [           nan            nan]]

  [[1.32842632e+04 2.05032871e-01]
   [1.32780593e+04 3.09245754e-01]
   [1.32720662e+04 9.18372264e-02]
   [1.32652620e+04 7.98743583e-01]]

  [[1.32840623e+04 1.01493194e-01]
   [1.32782678e+04 5.01809288e-01]
   [1.32720687e+04 2.95382016e-01]
   [           nan            nan]]

  [[1.32840611e+04 3.06712498e-01]
   [1.32780595e+04 1.12287046e-01]
   [1.32718709e+04 4.94950539e-01]
   [1.32658650e+04 2.91858097e-01]]

  [[1.32843682e+04 1.06861288e-01]
   [1.32780598e+04 2.08033892e-01]
   [1.32718712e+04 3.97854175e-01]
   [1.32658655e+04 9.68138285e-02]]

  [[1.32841696e+04 1.97364066e-01]
   [1.32780593e+04 2.10399233e-01]
   [           nan            nan]
   [           nan            nan]]

  [[1.32840616e+04 9.99719043e-02]
   [1.32777661e+04 5.01989300e-01]
   [1.32718713e+04 1.97318683e-01]
   [           nan            nan]]]


 [[[1.32843134e+04 2.11700916e-01]
   [1.32781190e+04 2.03747648e-01]
   [           nan            nan]
   [           nan            nan]]

  [[1.32841093e+04 4.15617970e-01]
   [1.32781181e+04 2.02187750e-01]
   [1.32719188e+04 4.04733088e-01]
   [           nan            nan]]

  [[1.32841084e+04 4.16616653e-01]
   [1.32781216e+04 4.06734221e-01]
   [1.32719185e+04 2.06706517e-01]
   [           nan            nan]]

  [[1.32841076e+04 6.12793507e-01]
   [1.32783250e+04 2.00634864e-01]
   [           nan            nan]
   [           nan            nan]]

  [[1.32839083e+04 6.17999125e-01]
   [1.32781198e+04 2.06705153e-01]
   [           nan            nan]
   [           nan            nan]]

  [[1.32843142e+04 2.09154842e-01]
   [1.32781204e+04 4.05088941e-01]
   [           nan            nan]
   [           nan            nan]]

  [[1.32843143e+04 2.10382977e-01]
   [1.32781180e+04 2.02877889e-01]
   [1.32719180e+04 4.00424810e-01]
   [1.32659204e+04 3.96561052e-01]]

  [[1.32841087e+04 4.16543256e-01]
   [1.32781212e+04 2.06442348e-01]
   [1.32719191e+04 5.98349585e-01]
   [           nan            nan]]

  [[1.32843167e+04 4.02816887e-01]
   [1.32781204e+04 4.04788017e-01]
   [1.32719177e+04 1.99344370e-01]
   [           nan            nan]]

  [[1.32841081e+04 4.16106740e-01]
   [1.32781209e+04 2.07401567e-01]
   [1.32719193e+04 2.01262417e-01]
   [           nan            nan]]

  [[1.32843150e+04 4.07157129e-01]
   [1.32781200e+04 4.03202836e-01]
   [           nan            nan]
   [           nan            nan]]

  [[1.32841114e+04 4.14743687e-01]
   [1.32781191e+04 2.04388599e-01]
   [1.32719201e+04 2.03435261e-01]
   [           nan            nan]]

  [[1.32843137e+04 2.11991103e-01]
   [1.32781204e+04 4.03345239e-01]
   [1.32719187e+04 2.05776011e-01]
   [           nan            nan]]

  [[1.32843142e+04 2.10645979e-01]
   [1.32781199e+04 4.04579518e-01]
   [           nan            nan]
   [           nan            nan]]

  [[1.32841090e+04 4.17348758e-01]
   [1.32783251e+04 2.01133438e-01]
   [1.32719200e+04 5.95789470e-01]
   [           nan            nan]]

  [[1.32841121e+04 4.12184357e-01]
   [1.32781179e+04 2.02612230e-01]
   [1.32719208e+04 3.99534448e-01]
   [           nan            nan]]

  [[1.32843142e+04 2.10874889e-01]
   [1.32781185e+04 4.04427461e-01]
   [1.32719180e+04 4.02509388e-01]
   [           nan            nan]]

  [[1.32841079e+04 4.16508257e-01]
   [1.32781192e+04 2.03793027e-01]
   [1.32719221e+04 2.02707413e-01]
   [           nan            nan]]

  [[1.32841083e+04 4.15007348e-01]
   [1.32781192e+04 2.02593174e-01]
   [1.32719186e+04 5.96948792e-01]
   [1.32657136e+04 6.02928143e-01]]

  [[1.32841078e+04 6.13374083e-01]
   [1.32781199e+04 2.07895314e-01]
   [           nan            nan]
   [           nan            nan]]]


 [[[1.32840865e+04 5.82864292e-01]
   [1.32780906e+04 2.93467597e-01]
   [1.32718266e+04 5.86611785e-01]
   [           nan            nan]]

  [[1.32843775e+04 2.90387048e-01]
   [1.32780896e+04 6.12192199e-01]
   [1.32718259e+04 8.81106226e-01]
   [           nan            nan]]

  [[1.32843782e+04 2.92358941e-01]
   [1.32780897e+04 6.13712299e-01]
   [           nan            nan]
   [           nan            nan]]

  [[1.32840861e+04 5.82349612e-01]
   [1.32783981e+04 3.03659482e-01]
   [           nan            nan]
   [           nan            nan]]

  [[1.32840863e+04 5.81486809e-01]
   [1.32780898e+04 3.06684191e-01]
   [1.32718257e+04 5.85933457e-01]
   [           nan            nan]]

  [[1.32840871e+04 5.81596885e-01]
   [1.32780898e+04 3.06626430e-01]
   [1.32718257e+04 5.86177823e-01]
   [           nan            nan]]

  [[1.32840857e+04 5.82140945e-01]
   [1.32780914e+04 3.03915949e-01]
   [1.32718225e+04 8.87845566e-01]
   [           nan            nan]]

  [[1.32843794e+04 2.89257214e-01]
   [1.32780893e+04 3.06355597e-01]
   [1.32718272e+04 5.84305907e-01]
   [           nan            nan]]

  [[1.32840871e+04 5.83181411e-01]
   [1.32780904e+04 3.07696031e-01]
   [           nan            nan]
   [           nan            nan]]

  [[1.32840869e+04 5.81080635e-01]
   [1.32780884e+04 6.15779685e-01]
   [           nan            nan]
   [           nan            nan]]

  [[1.32840880e+04 5.79531172e-01]
   [1.32780899e+04 6.11738089e-01]
   [           nan            nan]
   [           nan            nan]]

  [[1.32840852e+04 5.82583506e-01]
   [1.32780882e+04 6.11199543e-01]
   [1.32718229e+04 5.89422009e-01]
   [           nan            nan]]

  [[1.32840841e+04 5.83428466e-01]
   [1.32780893e+04 2.90224339e-01]
   [           nan            nan]
   [           nan            nan]]

  [[1.32840845e+04 5.83848894e-01]
   [1.32780884e+04 6.12305460e-01]
   [1.32718253e+04 5.87878873e-01]
   [           nan            nan]]

  [[1.32843770e+04 2.91657894e-01]
   [1.32780889e+04 3.11861565e-01]
   [1.32718257e+04 5.87755320e-01]
   [           nan            nan]]

  [[1.32840844e+04 5.84381960e-01]
   [1.32780890e+04 6.15188540e-01]
   [           nan            nan]
   [           nan            nan]]

  [[1.32840849e+04 5.82265187e-01]
   [1.32780904e+04 6.12625983e-01]
   [1.32718265e+04 5.87392085e-01]
   [           nan            nan]]

  [[1.32840854e+04 5.82693644e-01]
   [1.32780915e+04 6.09862655e-01]
   [1.32718251e+04 5.88000411e-01]
   [           nan            nan]]

  [[1.32843747e+04 2.92405291e-01]
   [1.32780917e+04 6.08808772e-01]
   [           nan            nan]
   [           nan            nan]]

  [[1.32840858e+04 5.83992523e-01]
   [1.32778001e+04 5.95639327e-01]
   [1.32718226e+04 5.89243257e-01]
   [           nan            nan]]]]

#Scanalyzer Final Estimates:
[13284.18576102 13278.12167997 13271.94823822 13265.66282041]
#1Sigma:
[0.16496184 0.14324962 0.11664351 0.16524068]
#Range:
[0.53838143 0.89562657 0.87675916 0.98980548]