#Compiled Fit Local Max Estimates:
[[[[1.32841865e+04 4.67369751e-02]
   [1.32780165e+04 6.02489409e-02]
   [1.32719465e+04 6.54668412e-02]
   [1.32656865e+04 3.31726079e-02]]

  [[1.32840966e+04 4.84332934e-02]
   [1.32779666e+04 6.20388812e-02]
   [1.32721566e+04 7.66847852e-02]
   [1.32648166e+04 2.64419266e-01]]

  [[1.32842665e+04 1.64734902e+00]
   [1.32780865e+04 1.64734902e+00]
   [           nan            nan]
   [           nan            nan]]

  [[1.32844566e+04 2.53797830e-02]
   [1.32782466e+04 4.35009171e-02]
   [1.32721366e+04 5.50612483e-02]
   [1.32658866e+04 5.47186537e-02]]

  [[1.32838466e+04 2.86123013e-01]
   [1.32776866e+04 2.65373359e-01]
   [1.32716566e+04 2.19550379e-01]
   [1.32655966e+04 8.71459412e-01]]

  [[1.32842964e+04 3.76115233e-02]
   [1.32781264e+04 5.29023629e-02]
   [           nan            nan]
   [           nan            nan]]

  [[1.32843766e+04 2.88538915e-02]
   [1.32781866e+04 3.81977343e-02]
   [           nan            nan]
   [           nan            nan]]

  [[1.32844566e+04 2.45998634e-02]
   [1.32782466e+04 3.59521373e-02]
   [           nan            nan]
   [           nan            nan]]

  [[1.32842465e+04 4.63242417e-02]
   [1.32780665e+04 6.51951667e-02]
   [1.32719665e+04 8.91368393e-02]
   [1.32653965e+04 7.29492391e-02]]

  [[1.32842166e+04 4.43771268e-02]
   [1.32780666e+04 6.25525121e-02]
   [1.32721966e+04 7.36235839e-02]
   [1.32652466e+04 1.61511744e-01]]

  [[1.32843263e+04 3.26270863e-02]
   [1.32781663e+04 4.50948885e-02]
   [1.32722463e+04 4.92384033e-02]
   [1.32654963e+04 1.04645177e-01]]

  [[1.32839865e+04 5.92113538e-02]
   [1.32777765e+04 6.85226812e-02]
   [1.32717365e+04 9.59423387e-02]
   [1.32652765e+04 9.01507450e-02]]

  [[1.32841865e+04 6.50505913e-02]
   [1.32780165e+04 9.24494001e-02]
   [1.32719365e+04 1.22835639e-01]
   [1.32653665e+04 9.09514660e-02]]

  [[1.32842766e+04 3.87936562e-02]
   [1.32781166e+04 5.49784303e-02]
   [           nan            nan]
   [           nan            nan]]

  [[1.32841565e+04 4.24757103e-02]
   [1.32780365e+04 5.34476031e-02]
   [1.32722565e+04 6.15241370e-02]
   [1.32652565e+04 1.67116991e-01]]

  [[1.32844465e+04 2.02554195e+00]
   [1.32782565e+04 2.02554195e+00]
   [           nan            nan]
   [           nan            nan]]

  [[1.32839765e+04 1.13470823e-01]
   [1.32777865e+04 1.28756141e-01]
   [1.32717365e+04 1.36153893e-01]
   [1.32654065e+04 1.39267607e-01]]

  [[1.32838766e+04 8.18690507e-02]
   [1.32777566e+04 9.18851231e-02]
   [1.32718766e+04 1.00571979e-01]
   [1.32645266e+04 3.76776595e-01]]

  [[1.32842664e+04 2.96177392e-02]
   [1.32780964e+04 4.10273804e-02]
   [1.32720464e+04 4.67866006e-02]
   [1.32655064e+04 8.75337103e-02]]

  [[1.32842965e+04 3.89162778e-02]
   [1.32781565e+04 5.44288914e-02]
   [           nan            nan]
   [           nan            nan]]]


 [[[1.32843315e+04 5.77918554e-02]
   [1.32781815e+04 6.33026425e-02]
   [           nan            nan]
   [           nan            nan]]

  [[1.32843905e+04 2.63373220e-02]
   [1.32781805e+04 3.60636624e-02]
   [1.32721705e+04 5.46809602e-02]
   [1.32658105e+04 6.64526105e-02]]

  [[1.32843618e+04 3.68574005e-02]
   [1.32781818e+04 5.78603843e-02]
   [           nan            nan]
   [           nan            nan]]

  [[1.32842308e+04 3.42075595e-02]
   [1.32780808e+04 4.76187069e-02]
   [1.32719908e+04 7.18961756e-02]
   [1.32656208e+04 9.75569587e-02]]

  [[1.32843704e+04 1.78873860e+00]
   [1.32782204e+04 1.78873860e+00]
   [           nan            nan]
   [           nan            nan]]

  [[1.32844216e+04 2.81735079e-02]
   [1.32782516e+04 3.93212013e-02]
   [           nan            nan]
   [           nan            nan]]

  [[1.32841906e+04 4.85551887e-02]
   [1.32780406e+04 6.66312799e-02]
   [1.32721606e+04 1.00261711e-01]
   [1.32653306e+04 2.01900835e-01]]

  [[1.32839302e+04 7.04486579e-02]
   [1.32777502e+04 9.30698543e-02]
   [1.32716702e+04 1.38937083e-01]
   [1.32654002e+04 1.31652263e-01]]

  [[1.32843808e+04 3.11025924e-02]
   [1.32782308e+04 4.24766346e-02]
   [           nan            nan]
   [           nan            nan]]

  [[1.32843107e+04 3.79672768e-02]
   [1.32781707e+04 5.55637835e-02]
   [1.32722207e+04 8.01458439e-02]
   [1.32655307e+04 1.74894250e-01]]

  [[1.32844619e+04 2.48390524e-02]
   [1.32783119e+04 3.71245425e-02]
   [           nan            nan]
   [           nan            nan]]

  [[1.32842118e+04 3.46792138e-02]
   [1.32780118e+04 5.44422561e-02]
   [1.32719618e+04 7.12976616e-02]
   [1.32653718e+04 9.68054610e-01]]

  [[1.32843510e+04 2.57788899e-02]
   [1.32781410e+04 4.03093711e-02]
   [1.32721010e+04 6.71601864e-02]
   [1.32652610e+04 1.77802077e-01]]

  [[1.32844111e+04 2.83603301e-02]
   [1.32782311e+04 4.22532853e-02]
   [1.32721511e+04 6.51343000e-02]
   [1.32660911e+04 4.95660714e-02]]

  [[1.32842008e+04 3.67313016e-02]
   [1.32780208e+04 5.71626397e-02]
   [1.32719508e+04 8.17806672e-02]
   [1.32655308e+04 1.12177531e-01]]

  [[1.32842713e+04 5.15668543e-02]
   [1.32781013e+04 6.70305252e-02]
   [1.32721713e+04 1.00538627e-01]
   [1.32655613e+04 2.27963728e-01]]

  [[1.32844318e+04 2.71545642e-02]
   [1.32782518e+04 3.87763359e-02]
   [           nan            nan]
   [           nan            nan]]

  [[1.32843614e+04 1.31344498e-02]
   [1.32781714e+04 5.63544032e-02]
   [           nan            nan]
   [           nan            nan]]

  [[1.32843413e+04 3.99553886e-02]
   [1.32781713e+04 5.82954564e-02]
   [           nan            nan]
   [           nan            nan]]

  [[1.32843517e+04 2.74706860e-02]
   [1.32781817e+04 4.46930134e-02]
   [1.32720517e+04 7.67886350e-02]
   [1.32656117e+04 6.51755724e-02]]]


 [[[1.32844428e+04 2.85128772e-02]
   [1.32782328e+04 4.03696835e-02]
   [           nan            nan]
   [           nan            nan]]

  [[1.32844740e+04 2.74638338e-02]
   [1.32782940e+04 3.85620896e-02]
   [           nan            nan]
   [           nan            nan]]

  [[1.32844040e+04 2.86782223e-02]
   [1.32782440e+04 4.11768588e-02]
   [           nan            nan]
   [           nan            nan]]

  [[1.32844534e+04 2.77350088e-02]
   [1.32782434e+04 3.87593676e-02]
   [           nan            nan]
   [           nan            nan]]

  [[1.32844240e+04 2.38866763e-02]
   [1.32782440e+04 2.46376312e-02]
   [1.32722140e+04 6.19448645e-02]
   [1.32655940e+04 1.25494782e-01]]

  [[1.32843834e+04 1.78366809e+00]
   [1.32782134e+04 1.78366809e+00]
   [           nan            nan]
   [           nan            nan]]

  [[1.32844145e+04 2.98414395e-02]
   [1.32782545e+04 4.16376621e-02]
   [           nan            nan]
   [           nan            nan]]

  [[1.32843848e+04 3.25064990e-02]
   [1.32782348e+04 4.26207139e-02]
   [           nan            nan]
   [           nan            nan]]

  [[1.32842131e+04 6.14099572e-02]
   [1.32780531e+04 7.65161993e-02]
   [1.32721131e+04 1.17310774e-01]
   [1.32656631e+04 1.57754482e-01]]

  [[1.32843734e+04 4.46030524e-02]
   [1.32781934e+04 6.27344341e-02]
   [           nan            nan]
   [           nan            nan]]

  [[1.32843525e+04 3.48207592e-02]
   [1.32781625e+04 4.54997180e-02]
   [           nan            nan]
   [           nan            nan]]

  [[1.32844537e+04 2.72195205e-02]
   [1.32782537e+04 3.71667083e-02]
   [           nan            nan]
   [           nan            nan]]

  [[1.32844241e+04 2.96780088e-02]
   [1.32782441e+04 4.03932059e-02]
   [           nan            nan]
   [           nan            nan]]

  [[1.32844633e+04 2.81048808e-02]
   [1.32782833e+04 4.18861529e-02]
   [           nan            nan]
   [           nan            nan]]

  [[1.32844026e+04 2.79874257e-02]
   [1.32782426e+04 4.17005171e-02]
   [           nan            nan]
   [           nan            nan]]

  [[1.32844428e+04 2.92295972e-02]
   [1.32782528e+04 4.14997956e-02]
   [           nan            nan]
   [           nan            nan]]

  [[1.32844132e+04 1.90311902e+00]
   [1.32782432e+04 1.90311902e+00]
   [           nan            nan]
   [           nan            nan]]

  [[1.32844417e+04 2.32275972e-02]
   [1.32782517e+04 3.43381459e-02]
   [1.32721817e+04 5.91054220e-02]
   [1.32659417e+04 4.98053539e-02]]

  [[1.32844232e+04 3.04215580e-02]
   [1.32782232e+04 4.20380806e-02]
   [           nan            nan]
   [           nan            nan]]

  [[1.32842532e+04 5.24968036e-02]
   [1.32780932e+04 6.75896414e-02]
   [1.32722832e+04 1.08078261e-01]
   [1.32655232e+04 3.16287796e-01]]]


 [[[1.32842230e+04 4.90617547e-02]
   [1.32780730e+04 6.32263280e-02]
   [1.32721430e+04 1.09477004e-01]
   [1.32652930e+04 6.59971992e-01]]

  [[1.32843030e+04 3.26802097e-02]
   [1.32781530e+04 4.23401237e-02]
   [1.32720330e+04 6.79191978e-02]
   [           nan            nan]]

  [[1.32844424e+04 3.04783482e-02]
   [1.32782624e+04 4.42293922e-02]
   [           nan            nan]
   [           nan            nan]]

  [[1.32843820e+04 3.33975520e-02]
   [1.32782020e+04 4.78783491e-02]
   [           nan            nan]
   [           nan            nan]]

  [[1.32842817e+04 4.29438044e-02]
   [1.32780917e+04 5.67968750e-02]
   [1.32722617e+04 1.14616520e-01]
   [1.32651917e+04 7.14235689e-01]]

  [[1.32842335e+04 4.64390358e-02]
   [1.32780835e+04 6.09914951e-02]
   [1.32721835e+04 1.00639696e-01]
   [1.32653135e+04 4.94703562e-01]]

  [[1.32842642e+04 4.45683702e-02]
   [1.32781042e+04 5.96568669e-02]
   [1.32722542e+04 1.03555746e-01]
   [1.32651442e+04 5.37602271e-01]]

  [[1.32843826e+04 3.54569065e-02]
   [1.32781826e+04 4.70928507e-02]
   [           nan            nan]
   [           nan            nan]]

  [[1.32842618e+04 4.37074902e-02]
   [1.32781218e+04 5.62465861e-02]
   [1.32721318e+04 1.05092348e-01]
   [1.32652918e+04 5.83287663e-01]]

  [[1.32844325e+04 1.83477702e+00]
   [1.32782725e+04 1.83477702e+00]
   [           nan            nan]
   [           nan            nan]]

  [[1.32844121e+04 4.09540246e-02]
   [1.32782121e+04 6.00262315e-02]
   [           nan            nan]
   [           nan            nan]]

  [[1.32844135e+04 3.23983620e-02]
   [1.32782335e+04 4.57763154e-02]
   [           nan            nan]
   [           nan            nan]]

  [[1.32844550e+04 3.03516516e-02]
   [1.32782750e+04 4.42481569e-02]
   [           nan            nan]
   [           nan            nan]]

  [[1.32843747e+04 3.36850213e-02]
   [1.32781947e+04 4.51566702e-02]
   [1.32721647e+04 7.73412688e-02]
   [1.32659447e+04 7.78200568e-02]]

  [[1.32843929e+04 3.52839320e-02]
   [1.32782229e+04 4.97507321e-02]
   [           nan            nan]
   [           nan            nan]]

  [[1.32842720e+04 3.98685042e-02]
   [1.32781020e+04 5.28820362e-02]
   [1.32721020e+04 8.22177528e-02]
   [1.32653520e+04 1.05626027e+00]]

  [[1.32843145e+04 4.31746161e-02]
   [1.32781845e+04 5.84744600e-02]
   [1.32721845e+04 1.08129054e-01]
   [1.32657045e+04 1.46279337e-01]]

  [[1.32844130e+04 3.81182889e-02]
   [1.32782530e+04 5.75437570e-02]
   [           nan            nan]
   [           nan            nan]]

  [[1.32844142e+04 3.24672508e-02]
   [1.32782442e+04 4.73548966e-02]
   [           nan            nan]
   [           nan            nan]]

  [[1.32843530e+04 3.88295870e-02]
   [1.32782130e+04 5.20600667e-02]
   [           nan            nan]
   [           nan            nan]]]


 [[[1.32843487e+04 2.83148066e-02]
   [1.32781687e+04 4.13556999e-02]
   [1.32721187e+04 7.05419793e-02]
   [           nan            nan]]

  [[1.32843709e+04 2.76644753e-02]
   [1.32781909e+04 3.86554783e-02]
   [1.32721609e+04 6.52055626e-02]
   [           nan            nan]]

  [[1.32843448e+04 5.31255293e-02]
   [1.32781748e+04 7.23350464e-02]
   [           nan            nan]
   [           nan            nan]]

  [[1.32844164e+04 4.76384429e-02]
   [1.32782364e+04 7.21224148e-02]
   [           nan            nan]
   [           nan            nan]]

  [[1.32843703e+04 2.75092879e-02]
   [1.32782103e+04 4.01762496e-02]
   [1.32721003e+04 7.12992102e-02]
   [           nan            nan]]

  [[1.32843868e+04 5.27636694e-02]
   [1.32782068e+04 6.97603888e-02]
   [           nan            nan]
   [           nan            nan]]

  [[1.32843586e+04 3.34857188e-02]
   [1.32781586e+04 4.63497879e-02]
   [1.32721386e+04 7.91405010e-02]
   [           nan            nan]]

  [[1.32844393e+04 4.26375888e-02]
   [1.32782693e+04 6.20942316e-02]
   [           nan            nan]
   [           nan            nan]]

  [[1.32843589e+04 4.99697571e-02]
   [1.32781389e+04 7.14418006e-02]
   [           nan            nan]
   [           nan            nan]]

  [[1.32843464e+04 2.77675326e-02]
   [1.32781864e+04 3.77500574e-02]
   [1.32720464e+04 6.89984366e-02]
   [           nan            nan]]

  [[1.32844074e+04 2.76120116e-02]
   [1.32782274e+04 3.94758181e-02]
   [1.32721674e+04 7.42013353e-02]
   [           nan            nan]]

  [[1.32843967e+04 2.87612774e-02]
   [1.32782367e+04 4.35513846e-02]
   [1.32721267e+04 7.39775249e-02]
   [1.32662567e+04 1.09106360e-01]]

  [[1.32843681e+04 5.07534500e-02]
   [1.32781981e+04 7.05728771e-02]
   [           nan            nan]
   [           nan            nan]]

  [[1.32844498e+04 4.27024208e-02]
   [1.32782398e+04 6.15599303e-02]
   [           nan            nan]
   [           nan            nan]]

  [[1.32844180e+04 4.83714113e-02]
   [1.32782380e+04 6.87476387e-02]
   [           nan            nan]
   [           nan            nan]]

  [[1.32843158e+04 3.33135911e-02]
   [1.32781458e+04 4.54534416e-02]
   [1.32720758e+04 7.09685130e-02]
   [           nan            nan]]

  [[1.32843791e+04 2.79257598e-02]
   [1.32782091e+04 4.10311498e-02]
   [1.32720791e+04 7.26003162e-02]
   [           nan            nan]]

  [[1.32840866e+04 6.85334580e-02]
   [1.32779466e+04 9.56828652e-02]
   [1.32719266e+04 1.93848254e-01]
   [1.32655766e+04 3.05940552e-01]]

  [[1.32843864e+04 4.29597168e-02]
   [1.32782264e+04 6.00925921e-02]
   [           nan            nan]
   [           nan            nan]]

  [[1.32843489e+04 3.29586079e-02]
   [1.32781789e+04 4.53133568e-02]
   [1.32721789e+04 8.61303334e-02]
   [           nan            nan]]]


 [[[1.32844022e+04 3.02454048e-02]
   [1.32782622e+04 4.30616545e-02]
   [1.32721122e+04 7.43833153e-02]
   [           nan            nan]]

  [[1.32844401e+04 4.81587464e-02]
   [1.32782301e+04 6.69903935e-02]
   [           nan            nan]
   [           nan            nan]]

  [[1.32844118e+04 4.72263104e-02]
   [1.32782418e+04 6.50541326e-02]
   [           nan            nan]
   [           nan            nan]]

  [[1.32844313e+04 4.46783883e-02]
   [1.32782513e+04 6.32420235e-02]
   [           nan            nan]
   [           nan            nan]]

  [[1.32843728e+04 4.90181815e-02]
   [1.32782528e+04 6.96670076e-02]
   [           nan            nan]
   [           nan            nan]]

  [[1.32844215e+04 3.06221238e-02]
   [1.32782415e+04 4.33768214e-02]
   [1.32721415e+04 7.71463064e-02]
   [           nan            nan]]

  [[1.32843800e+04 3.39977360e-02]
   [1.32782100e+04 4.76687104e-02]
   [1.32721700e+04 8.18962995e-02]
   [           nan            nan]]

  [[1.32844304e+04 4.59426090e-02]
   [1.32782304e+04 6.34664765e-02]
   [           nan            nan]
   [           nan            nan]]

  [[1.32843401e+04 5.98106790e-02]
   [1.32782001e+04 8.14778387e-02]
   [           nan            nan]
   [           nan            nan]]

  [[1.32844044e+04 2.77659839e-02]
   [1.32782344e+04 3.98308166e-02]
   [1.32722144e+04 7.39092545e-02]
   [           nan            nan]]

  [[1.32844340e+04 5.00107353e-02]
   [1.32782540e+04 6.50689042e-02]
   [           nan            nan]
   [           nan            nan]]

  [[1.32844426e+04 4.53550496e-02]
   [1.32782726e+04 6.21048316e-02]
   [           nan            nan]
   [           nan            nan]]

  [[1.32843941e+04 5.20903847e-02]
   [1.32782441e+04 7.19597645e-02]
   [           nan            nan]
   [           nan            nan]]

  [[1.32843994e+04 3.46464511e-02]
   [1.32782294e+04 4.71550839e-02]
   [1.32722694e+04 8.27516715e-02]
   [           nan            nan]]

  [[1.32843710e+04 2.92292615e-02]
   [1.32782210e+04 4.20322908e-02]
   [1.32721810e+04 7.86376456e-02]
   [           nan            nan]]

  [[1.32843917e+04 2.87522784e-02]
   [1.32782417e+04 4.22768641e-02]
   [1.32721417e+04 7.06589884e-02]
   [           nan            nan]]

  [[1.32843822e+04 5.17623171e-02]
   [1.32782122e+04 7.11711225e-02]
   [           nan            nan]
   [           nan            nan]]

  [[1.32844111e+04 5.05262289e-02]
   [1.32782311e+04 6.87830771e-02]
   [           nan            nan]
   [           nan            nan]]

  [[1.32843119e+04 3.97360776e-02]
   [1.32781719e+04 5.74486503e-02]
   [1.32721819e+04 1.15192011e-01]
   [           nan            nan]]

  [[1.32843910e+04 2.97972189e-02]
   [1.32782310e+04 4.27724764e-02]
   [1.32721710e+04 7.75598112e-02]
   [           nan            nan]]]]

#Scanalyzer Final Estimates:
[13284.37232407 13278.19610331 13272.11850393 13265.71138095]
#1Sigma:
[0.03576959 0.05091923 0.07791143 0.09898041]
#Range:
[0.62745208 0.62531273 0.6266323  1.73016818]