#Compiled Fit Center Estimates:
[[[1.32845671e+04 1.70554501e+00]
  [1.32783567e+04 1.70554501e+00]
  [1.32722239e+04 1.70554501e+00]
  [1.32662412e+04 1.70554501e+00]]

 [[1.32845581e+04 1.64953934e+00]
  [1.32783362e+04 1.64953934e+00]
  [1.32722175e+04 1.64953934e+00]
  [1.32662447e+04 1.64953934e+00]]

 [[1.32845746e+04 1.65779106e+00]
  [1.32783345e+04 1.65779106e+00]
  [1.32722401e+04 1.65779106e+00]
  [1.32662842e+04 1.65779106e+00]]

 [[1.32845400e+04 1.47059288e+00]
  [1.32783224e+04 1.47059288e+00]
  [1.32722092e+04 1.47059288e+00]
  [1.32662574e+04 1.47059288e+00]]

 [[1.32845469e+04 1.49689213e+00]
  [1.32783358e+04 1.49689213e+00]
  [1.32722296e+04 1.49689213e+00]
  [1.32662624e+04 1.49689213e+00]]

 [[1.32845604e+04 1.53192443e+00]
  [1.32783579e+04 1.53192443e+00]
  [1.32722400e+04 1.53192443e+00]
  [1.32662532e+04 1.53192443e+00]]

 [[1.32845431e+04 1.47981287e+00]
  [1.32783162e+04 1.47981287e+00]
  [1.32722018e+04 1.47981287e+00]
  [1.32662600e+04 1.47981287e+00]]

 [[1.32844595e+04 1.53700788e+00]
  [1.32785158e+04 1.53700788e+00]
  [1.32721295e+04 1.53700788e+00]
  [1.32666250e+04 1.53700788e+00]]]

#Scanalyzer Final Estimates:
[13284.54230517 13278.3592989  13272.21056245 13266.30503769]
#1Sigma:
[0.55132544 0.55132544 0.55132544 0.55132544]
#Range:
[0.11506078 0.19966431 0.11061039 0.38383299]