#Compiled Fit Center Estimates:
[[[1.32849346e+04 2.04767886e-02]
  [1.32788151e+04 3.10787494e-02]
  [1.32727950e+04 6.37710468e-02]
  [1.32672177e+04 1.67902941e-01]]

 [[1.32849333e+04 2.10121486e-02]
  [1.32788158e+04 3.16091843e-02]
  [1.32727908e+04 6.73707966e-02]
  [1.32671985e+04 1.82088019e-01]]

 [[1.32849316e+04 1.99823718e-02]
  [1.32787956e+04 3.06117310e-02]
  [1.32727797e+04 6.68923685e-02]
  [1.32667957e+04 1.65123349e-01]]

 [[1.32849328e+04 1.98691958e-02]
  [1.32788309e+04 2.79676021e-02]
  [1.32728019e+04 5.78220570e-02]
  [1.32668162e+04 1.49183884e-01]]

 [[1.32849352e+04 1.89163612e-02]
  [1.32788178e+04 2.87771570e-02]
  [1.32727903e+04 6.54192594e-02]
  [1.32667836e+04 1.56461709e-01]]

 [[1.32849277e+04 2.17741004e-02]
  [1.32788293e+04 3.17139708e-02]
  [1.32727924e+04 7.05894494e-02]
  [1.32672741e+04 1.72359320e-01]]

 [[1.32849309e+04 2.22398282e-02]
  [1.32788376e+04 3.53456409e-02]
  [1.32728056e+04 7.16994761e-02]
  [1.32673154e+04 1.57373722e-01]]

 [[1.32850249e+04 2.82826765e-01]
  [1.32789885e+04 4.51485624e-01]
  [1.32726915e+04 1.58809714e-01]
  [1.32672506e+04 1.86277802e-01]]]

#Scanalyzer Final Estimates:
[13284.93253977 13278.82001562 13272.79141311 13267.06289605]
#1Sigma:
[0.00775556 0.01163346 0.02456386 0.05862639]
#Range:
[0.09722751 0.19292473 0.11410769 0.53183639]