#Compiled Fit Center Estimates:
[[[1.32849090e+04 8.79025934e-03]
  [1.32787789e+04 1.40999953e-02]
  [1.32726407e+04 1.09739974e-02]
  [1.32665395e+04 2.86633721e-02]]

 [[1.32849080e+04 9.13180481e-03]
  [1.32787932e+04 1.55573539e-02]
  [1.32726413e+04 1.23522634e-02]
  [1.32665465e+04 2.90853364e-02]]

 [[1.32849053e+04 9.58499077e-03]
  [1.32787884e+04 1.79811904e-02]
  [1.32726322e+04 1.37994792e-02]
  [1.32665458e+04 3.26096145e-02]]

 [[1.32849142e+04 1.03854559e-02]
  [1.32787909e+04 1.78535651e-02]
  [1.32726369e+04 1.50263091e-02]
  [1.32665703e+04 3.73614506e-02]]

 [[1.32849136e+04 1.17727716e-02]
  [1.32787848e+04 2.10336387e-02]
  [1.32726428e+04 1.58306603e-02]
  [1.32665385e+04 3.84013955e-02]]

 [[1.32849123e+04 1.13638484e-02]
  [1.32787864e+04 2.12550325e-02]
  [1.32726341e+04 1.66086956e-02]
  [1.32665800e+04 4.24540266e-02]]

 [[1.32849049e+04 1.44261305e-02]
  [1.32787877e+04 2.57048430e-02]
  [1.32726371e+04 1.99950694e-02]
  [1.32665992e+04 5.24098152e-02]]

 [[1.32849031e+04 1.76393874e-02]
  [1.32787916e+04 3.02369349e-02]
  [1.32726111e+04 2.48254841e-02]
  [1.32666296e+04 6.47850307e-02]]]

#Scanalyzer Final Estimates:
[13284.90922771 13278.78706074 13272.63711564 13266.55670351]
#1Sigma:
[0.00383292 0.0066707  0.00525029 0.01302849]
#Range:
[0.01106204 0.01433356 0.03169366 0.09111295]