#Compiled Fit Local Max Estimates:
[[[1.32846284e+04 8.50895104e-03]
  [1.32784997e+04 1.39909048e-02]
  [1.32723621e+04 1.16845490e-02]
  [1.32662604e+04 2.87201758e-02]]

 [[1.32846029e+04 9.23404134e-03]
  [1.32784890e+04 1.50477088e-02]
  [1.32723381e+04 1.27157314e-02]
  [1.32662427e+04 2.91994076e-02]]

 [[1.32846031e+04 1.05238893e-02]
  [1.32784801e+04 1.88229420e-02]
  [1.32723263e+04 1.50782613e-02]
  [1.32662594e+04 3.71350549e-02]]

 [[1.32845931e+04 1.16058399e-02]
  [1.32784676e+04 2.08489330e-02]
  [1.32723156e+04 1.65761047e-02]
  [1.32662617e+04 4.26004277e-02]]

 [[1.32845634e+04 1.44629998e-02]
  [1.32784467e+04 2.52550931e-02]
  [1.32722965e+04 1.99475549e-02]
  [1.32662589e+04 5.24128136e-02]]

 [[1.32845055e+04 2.89617831e-02]
  [1.32783877e+04 4.53511364e-02]
  [1.32722209e+04 2.55701331e-02]
  [1.32662085e+04 7.10525091e-02]]]

#Scanalyzer Final Estimates:
[13284.60240006 13278.48088942 13272.32865392 13266.25293696]
#1Sigma:
[0.00456599 0.00773776 0.00625127 0.01538734]
#Range:
[0.12294312 0.11201524 0.14121139 0.05311888]