#Compiled Data Local Max Estimates:
[[[1.32843268e+04 2.45947564e-01]
  [1.32784016e+04 1.60061113e-01]
  [1.32721699e+04 5.33079275e-02]
  [1.32662574e+04 1.42855085e-01]]

 [[1.32842679e+04 1.80372862e-01]
  [1.32784016e+04 1.66892990e-01]
  [1.32725379e+04 7.05812935e-01]
  [1.32661120e+04 1.36513237e-01]]

 [[1.32843247e+04 2.03396891e-01]
  [1.32780649e+04 2.60462736e-01]
  [1.32722062e+04 2.49214643e-02]
  [1.32665149e+04 5.31306146e-01]]

 [[1.32843144e+04 2.58334799e-01]
  [1.32784127e+04 3.51842528e-01]
  [1.32722674e+04 2.46702584e-01]
  [1.32661224e+04 2.48188842e-01]]

 [[1.32843270e+04 6.55051969e-02]
  [1.32782479e+04 2.06698130e-01]
  [1.32722379e+04 7.47099825e-02]
  [1.32661431e+04 1.46371223e-01]]

 [[1.32843332e+04 1.00966465e-01]
  [1.32782247e+04 1.13182566e-01]
  [1.32722506e+04 9.48320064e-02]
  [1.32661490e+04 1.01965940e-01]]

 [[1.32844982e+04 2.14164597e-01]
  [1.32782761e+04 4.15357277e-01]
  [1.32723025e+04 4.06592606e-01]
  [1.32660940e+04 4.06812173e-01]]

 [[1.32844573e+04 2.93018726e-01]
  [1.32781279e+04 6.17595085e-01]
  [1.32721487e+04 2.98907918e-01]
  [1.32661487e+04 3.03708785e-01]]]

#Scanalyzer Final Estimates:
[13284.33537747 13278.28731646 13272.20594042 13266.16167938]
#1Sigma:
[0.04708721 0.06939764 0.02090589 0.05953028]
#Range:
[0.23029229 0.34777918 0.38917502 0.42088119]