#Compiled Polynomial Fit Local Max Estimates:
[[[[1.32844573e+04 1.00000000e-03]
   [1.32782643e+04 1.00000000e-03]
   [1.32722406e+04 1.00000000e-03]
   [1.32661708e+04 1.00000000e-03]]]


 [[[1.32844703e+04 1.00000000e-03]
   [1.32782613e+04 1.00000000e-03]
   [1.32722523e+04 1.00000000e-03]
   [1.32661630e+04 1.00000000e-03]]]


 [[[1.32844655e+04 1.00000000e-03]
   [1.32782775e+04 1.00000000e-03]
   [1.32722485e+04 1.00000000e-03]
   [1.32661885e+04 1.00000000e-03]]]


 [[[1.32844413e+04 1.00000000e-03]
   [1.32782673e+04 1.00000000e-03]
   [1.32722513e+04 1.00000000e-03]
   [1.32661594e+04 1.00000000e-03]]]


 [[[1.32844301e+04 1.00000000e-03]
   [1.32782501e+04 1.00000000e-03]
   [1.32722401e+04 1.00000000e-03]
   [1.32661873e+04 1.00000000e-03]]]]

#Scanalyzer Final Estimates:
[13284.45288106 13278.26408106 13272.2465469  13266.17377788]
#1Sigma:
[0.00754593 0.00445911 0.00264348 0.00605626]
#Range:
[0.04018923 0.02739554 0.01218923 0.02906955]