#Compiled Fit Center Estimates:
[[[[1.32851501e+04 4.00000000e+00]
   [1.32789035e+04 4.00000000e+00]
   [1.32727793e+04 4.00000000e+00]
   [1.32667920e+04 4.00000000e+00]]

  [[1.32850039e+04 1.00452799e-02]
   [1.32788490e+04 1.33830951e-02]
   [1.32727576e+04 2.23229900e-02]
   [1.32667223e+04 6.74893452e-02]]

  [[1.32849820e+04 1.15795733e-02]
   [1.32788312e+04 1.44149285e-02]
   [1.32727633e+04 2.63244775e-02]
   [1.32667605e+04 7.40850530e-02]]

  ...

  [[1.32849989e+04 1.06905867e-02]
   [1.32788604e+04 1.26176669e-02]
   [1.32727982e+04 2.57912880e-02]
   [1.32667306e+04 6.35053339e-02]]

  [[1.32850133e+04 1.17412810e-02]
   [1.32788552e+04 1.34589302e-02]
   [1.32728223e+04 2.84457152e-02]
   [1.32668123e+04 6.18416170e-02]]

  [[1.32850005e+04 1.20711830e-02]
   [1.32788569e+04 1.46797760e-02]
   [1.32727500e+04 2.46855230e-02]
   [1.32667793e+04 5.63143870e-02]]]


 [[[1.32849751e+04 1.25768832e-02]
   [1.32788367e+04 1.61872982e-02]
   [1.32727188e+04 2.78002599e-02]
   [1.32667363e+04 7.07911387e-02]]

  [[1.32849868e+04 1.20839349e-02]
   [1.32788450e+04 1.55580267e-02]
   [1.32727575e+04 2.89081594e-02]
   [1.32666903e+04 7.26148745e-02]]

  [[1.32851329e+04 3.99992997e+00]
   [1.32789000e+04 3.99992997e+00]
   [1.32728185e+04 3.99992997e+00]
   [1.32666181e+04 3.99992997e+00]]

  ...

  [[1.32850067e+04 1.14207820e-02]
   [1.32788408e+04 1.45943422e-02]
   [1.32727564e+04 2.68015644e-02]
   [1.32669617e+04 8.07636521e-02]]

  [[1.32851500e+04 2.84485548e+00]
   [1.32788985e+04 2.84485548e+00]
   [1.32727667e+04 2.84485548e+00]
   [1.32668041e+04 2.84485548e+00]]

  [[1.32849921e+04 1.08070613e-02]
   [1.32788533e+04 1.51288554e-02]
   [1.32727137e+04 2.62259173e-02]
   [1.32666851e+04 7.94933230e-02]]]


 [[[1.32849857e+04 1.05173302e-02]
   [1.32788532e+04 1.49236817e-02]
   [1.32727756e+04 2.66298506e-02]
   [1.32667186e+04 6.46994067e-02]]

  [[1.32850126e+04 9.98946226e-03]
   [1.32788407e+04 1.26157325e-02]
   [1.32727580e+04 2.32969497e-02]
   [1.32667847e+04 7.20638567e-02]]

  [[1.32849867e+04 1.11680459e-02]
   [1.32788488e+04 1.54079570e-02]
   [1.32727161e+04 2.62095616e-02]
   [1.32668133e+04 7.34228779e-02]]

  ...

  [[1.32849734e+04 1.28414266e-02]
   [1.32788461e+04 1.61512943e-02]
   [1.32727535e+04 2.60858824e-02]
   [1.32667658e+04 8.37551202e-02]]

  [[1.32849863e+04 1.89033035e+00]
   [1.32788380e+04 1.89033035e+00]
   [1.32727492e+04 1.89033035e+00]
   [1.32667812e+04 1.89033035e+00]]

  [[1.32849882e+04 1.20633016e-02]
   [1.32788410e+04 1.59254493e-02]
   [1.32727289e+04 2.52955309e-02]
   [1.32668095e+04 7.95437521e-02]]]


 ...


 [[[1.32849839e+04 1.37235960e-02]
   [1.32788432e+04 1.77379404e-02]
   [1.32727182e+04 2.82775987e-02]
   [1.32667053e+04 9.46636555e-02]]

  [[1.32849982e+04 1.36608096e-02]
   [1.32788429e+04 1.74447909e-02]
   [1.32727125e+04 3.01180959e-02]
   [1.32667441e+04 1.04459870e-01]]

  [[1.32849999e+04 9.20980916e-03]
   [1.32788414e+04 1.56646422e-02]
   [1.32727755e+04 3.16733291e-02]
   [1.32667289e+04 8.10451031e-02]]

  ...

  [[1.32849901e+04 1.40791578e-02]
   [1.32788626e+04 1.84127075e-02]
   [1.32727348e+04 3.15004476e-02]
   [1.32666619e+04 9.71208419e-02]]

  [[1.32849882e+04 1.36249597e-02]
   [1.32788382e+04 1.79369887e-02]
   [1.32727270e+04 3.04121337e-02]
   [1.32666514e+04 8.93617314e-02]]

  [[1.32850093e+04 1.29129635e-02]
   [1.32788611e+04 1.74097965e-02]
   [1.32727506e+04 2.84632417e-02]
   [1.32668222e+04 9.48349989e-02]]]


 [[[1.32850134e+04 2.12403662e+00]
   [1.32788806e+04 2.12403662e+00]
   [1.32727629e+04 2.12403662e+00]
   [1.32667265e+04 2.12403662e+00]]

  [[1.32850020e+04 1.35670582e-02]
   [1.32788639e+04 1.79837550e-02]
   [1.32727634e+04 3.10413984e-02]
   [1.32667562e+04 8.83826650e-02]]

  [[1.32850036e+04 2.03837199e+00]
   [1.32788707e+04 2.03837199e+00]
   [1.32727554e+04 2.03837199e+00]
   [1.32667029e+04 2.03837199e+00]]

  ...

  [[1.32850078e+04 1.26714596e-02]
   [1.32788687e+04 1.60100870e-02]
   [1.32727566e+04 2.89567081e-02]
   [1.32667204e+04 8.21410096e-02]]

  [[1.32850069e+04 1.55289242e-02]
   [1.32788725e+04 2.10941382e-02]
   [1.32727272e+04 3.53810700e-02]
   [1.32666533e+04 9.12558384e-02]]

  [[1.32849930e+04 1.59085607e-02]
   [1.32788459e+04 2.04646436e-02]
   [1.32727606e+04 3.54810841e-02]
   [1.32666964e+04 9.31937222e-02]]]


 [[[1.32849867e+04 1.90862172e-02]
   [1.32788646e+04 2.07732494e-02]
   [1.32727503e+04 3.80245148e-02]
   [1.32667122e+04 9.71904406e-02]]

  [[1.32849746e+04 1.72831117e-02]
   [1.32788286e+04 1.91894653e-02]
   [1.32727578e+04 3.65309090e-02]
   [1.32667220e+04 9.92732353e-02]]

  [[1.32850011e+04 1.90631094e-02]
   [1.32788665e+04 2.25294732e-02]
   [1.32727122e+04 4.12404496e-02]
   [1.32667549e+04 1.28962054e-01]]

  ...

  [[1.32849986e+04 1.73048001e-02]
   [1.32788807e+04 2.18405124e-02]
   [1.32727591e+04 3.81435926e-02]
   [1.32666973e+04 1.07252122e-01]]

  [[1.32849933e+04 1.90799549e+00]
   [1.32788619e+04 1.90799549e+00]
   [1.32727447e+04 1.90799549e+00]
   [1.32667048e+04 1.90799549e+00]]

  [[1.32849804e+04 1.76394405e-02]
   [1.32788718e+04 2.16089890e-02]
   [1.32727348e+04 3.61266981e-02]
   [1.32667404e+04 9.63520434e-02]]]]

#Scanalyzer Final Estimates:
[13284.99420424 13278.85060303 13272.74851821 13266.75197691]
#1Sigma:
[0.0139318  0.0180025  0.03155713 0.08462289]
#Range:
[0.20982862 0.10728896 0.14598628 1.45171218]