#Compiled Data Local Max Estimates:
[[[[1.32846632e+04 3.22997130e-02]
   [1.32785568e+04 1.25951783e-02]
   [1.32723410e+04 1.67932853e-02]
   [1.32663368e+04 1.81899622e-01]]]


 [[[1.32846676e+04 2.07505488e-02]
   [1.32785317e+04 5.96349306e-02]
   [1.32724521e+04 5.82571184e-02]
   [1.32661549e+04 1.95569305e-01]]]


 [[[1.32846260e+04 8.93162458e-02]
   [1.32785430e+04 2.93678658e-02]
   [1.32723925e+04 5.99899838e-02]
   [1.32661356e+04 2.44151284e-01]]]


 [[[1.32846298e+04 1.02322868e-01]
   [1.32784830e+04 9.97110830e-02]
   [1.32724347e+04 5.03939529e-02]
   [1.32662400e+04 1.52130686e-01]]]


 [[[1.32845950e+04 1.43553782e-01]
   [1.32784382e+04 1.38760676e-01]
   [1.32723559e+04 2.03223712e-01]
   [1.32663448e+04 1.38072654e-01]]]]

#Scanalyzer Final Estimates:
[13284.66291293 13278.55215252 13272.35962485 13266.26635194]
#1Sigma:
[0.01789825 0.01320194 0.02378382 0.08703013]
#Range:
[0.07260066 0.11856724 0.11105603 0.20921239]