#Compiled Fit Local Max Estimates:
[[[[1.32846623e+04 4.48468970e-03]
   [1.32784873e+04 7.43745654e-03]
   [1.32724463e+04 1.05675688e-02]
   [           nan            nan]]]


 [[[1.32846608e+04 5.15886033e-03]
   [1.32784948e+04 8.32913402e-03]
   [1.32724478e+04 1.22635799e-02]
   [           nan            nan]]]


 [[[1.32846488e+04 5.59597317e-03]
   [1.32784828e+04 9.87999825e-03]
   [1.32724538e+04 1.59773566e-02]
   [           nan            nan]]]


 [[[1.32846293e+04 4.80640412e-03]
   [1.32784743e+04 6.08992592e-03]
   [1.32724093e+04 1.21365801e-02]
   [1.32664743e+04 2.56953348e-02]]]


 [[[1.32846007e+04 5.61848723e-03]
   [1.32784507e+04 8.59276690e-03]
   [1.32723847e+04 1.34453620e-02]
   [1.32664437e+04 2.94967183e-02]]]]

#Scanalyzer Final Estimates:
[13284.64239343 13278.47788489 13272.42895297 13266.46108992]
#1Sigma:
[0.01136537 0.00781667 0.0139964  0.02080549]
#Range:
[0.06166411 0.04408173 0.06915214 0.03061608]