#Compiled Polynomial Fit Local Max Estimates:
[[[[1.32845803e+04 1.00000000e-03]
   [1.32784193e+04 1.00000000e-03]
   [1.32723413e+04 1.00000000e-03]
   [1.32663758e+04 1.00000000e-03]]]


 [[[1.32845818e+04 1.00000000e-03]
   [1.32784278e+04 1.00000000e-03]
   [1.32723398e+04 1.00000000e-03]
   [1.32663819e+04 1.00000000e-03]]]


 [[[1.32845778e+04 1.00000000e-03]
   [1.32784088e+04 1.00000000e-03]
   [1.32723378e+04 1.00000000e-03]
   [1.32663506e+04 1.00000000e-03]]]


 [[[1.32845693e+04 1.00000000e-03]
   [1.32784153e+04 1.00000000e-03]
   [1.32723383e+04 1.00000000e-03]
   [1.32663613e+04 1.00000000e-03]]]


 [[[1.32845487e+04 1.00000000e-03]
   [1.32783967e+04 1.00000000e-03]
   [1.32723207e+04 1.00000000e-03]
   [1.32663467e+04 1.00000000e-03]]]]

#Scanalyzer Final Estimates:
[13284.57158595 13278.41358595 13272.33558595 13266.3632633 ]
#1Sigma:
[0.00613674 0.00524139 0.00380244 0.00688819]
#Range:
[0.03308173 0.03108173 0.02066411 0.03524199]