#Compiled Data Local Max Estimates:
[[[1.32844332e+04 1.00526439e-01]
  [1.32781147e+04 1.47373711e-01]
  [1.32719699e+04 2.18620604e-01]
  [1.32662916e+04 8.88146204e-02]]

 [[1.32844332e+04 1.24926059e-01]
  [1.32781147e+04 1.39565832e-01]
  [1.32719699e+04 2.18620604e-01]
  [1.32662916e+04 8.88146204e-02]]

 [[1.32844332e+04 1.71773332e-01]
  [1.32781147e+04 1.47373711e-01]
  [1.32722334e+04 3.37690755e-01]
  [1.32660085e+04 1.34685908e-01]]

 [[1.32843795e+04 1.87494410e-01]
  [1.32783362e+04 3.64365331e-01]
  [1.32721885e+04 2.01052877e-01]
  [1.32663804e+04 1.01002711e-01]]

 [[1.32842496e+04 2.08921336e-01]
  [1.32781625e+04 1.90662513e-01]
  [1.32718681e+04 3.34889973e-01]
  [1.32661432e+04 2.92286961e-01]]

 [[1.32845556e+04 1.99133238e-01]
  [1.32781458e+04 2.79294311e-01]
  [1.32719674e+04 1.00790239e-01]
  [1.32662635e+04 2.03393754e-01]]

 [[1.32842423e+04 5.93444834e-01]
  [1.32780576e+04 5.89014166e-01]
  [1.32720619e+04 6.01094940e-01]
  [1.32662879e+04 4.11700552e-01]]

 [[1.32844651e+04 5.10920334e-01]
  [1.32779971e+04 5.23383459e-01]
  [1.32720289e+04 4.97748965e-01]
  [1.32660762e+04 4.84660080e-01]]]

#Scanalyzer Final Estimates:
[13284.42225182 13278.12876529 13272.00713876 13266.26893862]
#1Sigma:
[0.05974356 0.07109976 0.07264097 0.04699791]
#Range:
[0.31329825 0.33907963 0.36525003 0.37185022]