#Compiled Fit Local Max Estimates:
[[[1.32836322e+04 1.16665311e-02]
  [1.32775004e+04 1.62748729e-02]
  [1.32713559e+04 2.75664291e-02]
  [1.32654576e+04 6.79959943e-02]]

 [[1.32836202e+04 1.18556268e-02]
  [1.32774878e+04 1.65512509e-02]
  [1.32713440e+04 2.86054934e-02]
  [1.32654460e+04 6.94779531e-02]]

 [[1.32837415e+04 1.20277300e-02]
  [1.32776093e+04 1.66554892e-02]
  [1.32714655e+04 2.69558433e-02]
  [1.32655675e+04 6.99716787e-02]]

 [[1.32836236e+04 1.23711909e-02]
  [1.32774918e+04 1.72133650e-02]
  [1.32713480e+04 2.91432193e-02]
  [1.32654466e+04 7.23939650e-02]]

 [[1.32836049e+04 1.33946439e-02]
  [1.32774728e+04 1.95245378e-02]
  [1.32713211e+04 3.21282147e-02]
  [1.32654288e+04 8.35273453e-02]]

 [[1.32838663e+04 1.32240255e-02]
  [1.32777322e+04 1.90703862e-02]
  [1.32715687e+04 3.15991587e-02]
  [1.32656751e+04 7.68615056e-02]]

 [[1.32835777e+04 1.64228832e-02]
  [1.32774455e+04 2.30889010e-02]
  [1.32712968e+04 4.32521846e-02]
  [1.32653919e+04 9.90064123e-02]]

 [[1.32838072e+04 1.87665543e+00]
  [1.32777591e+04 1.87665543e+00]
  [1.32714645e+04 1.87665543e+00]
  [1.32657180e+04 1.87665543e+00]]]

#Scanalyzer Final Estimates:
[13283.66945133 13277.53641884 13271.39208205 13265.49329952]
#1Sigma:
[0.00482759 0.00679555 0.01147322 0.02847389]
#Range:
[0.28853058 0.31360898 0.27194654 0.32618491]