#Compiled Fit Local Max Estimates:
[[[1.32842196e+04 5.06309891e-03]
  [1.32780781e+04 7.39504625e-03]
  [1.32719477e+04 1.39486302e-02]
  [1.32659677e+04 3.57169826e-02]]

 [[1.32841553e+04 5.03861717e-03]
  [1.32780194e+04 7.76331745e-03]
  [1.32718820e+04 1.35634977e-02]
  [1.32659061e+04 3.78437689e-02]]

 [[1.32841713e+04 5.54504631e-03]
  [1.32780339e+04 7.59440914e-03]
  [1.32718990e+04 1.45361785e-02]
  [1.32659026e+04 4.22954630e-02]]

 [[1.32841353e+04 6.24409942e-03]
  [1.32779957e+04 8.40441348e-03]
  [1.32718576e+04 1.65668723e-02]
  [1.32658637e+04 4.20876369e-02]]

 [[1.32841697e+04 6.57869440e-03]
  [1.32780270e+04 9.27318215e-03]
  [1.32718916e+04 1.80630696e-02]
  [1.32658944e+04 4.41515826e-02]]

 [[1.32841599e+04 7.13989897e-03]
  [1.32780174e+04 9.78429314e-03]
  [1.32718833e+04 2.00263259e-02]
  [1.32658864e+04 4.96440478e-02]]

 [[1.32841117e+04 1.01923004e-02]
  [1.32779696e+04 1.29916893e-02]
  [1.32718309e+04 2.63301037e-02]
  [1.32658402e+04 6.61917874e-02]]

 [[1.32839515e+04 2.36761715e-02]
  [1.32778141e+04 2.24810681e-02]
  [1.32716510e+04 3.85061039e-02]
  [1.32656614e+04 9.83434083e-02]]]

#Scanalyzer Final Estimates:
[13284.16661857 13278.02306073 13271.88698298 13265.89781151]
#1Sigma:
[0.00228993 0.00322158 0.00612832 0.01610381]
#Range:
[0.26816424 0.26393301 0.29677362 0.30627655]