Transitions     0->0                                                          \
Methods     SkewedMu                         LocMaxDat                         
Stats           mean      stderr       range      mean     stderr      range   
242            13285   0.0025552  0.00679015   13284.7  0.0178983  0.0726007   
243          13284.9  0.00584159   0.0213246   13284.3   0.021283  0.0936601   
244          13284.8  0.00670401   0.0218239   13284.1  0.0625196   0.297375   
245          13284.7  0.00266573  0.00718987   13284.3  0.0192737  0.0199798   
247          13284.5  0.00452875    0.010658     13284  0.0227423   0.197535   

Transitions                                                          \
Methods     LocMaxFit                        LocMaxPoly               
Stats            mean      stderr      range       mean      stderr   
242           13284.6   0.0113654  0.0616641    13284.6  0.00694856   
243           13284.6   0.0162776  0.0931892    13284.5  0.00968574   
244           13284.4  0.00973512       0.05    13284.1   0.0162856   
245           13284.4   0.0125982  0.0662207    13284.3  0.00664272   
247           13284.2   0.0138209  0.0718161    13284.1   0.0112237   

Transitions                1->1                                               \
Methods                SkewedMu                         LocMaxDat              
Stats            range     mean      stderr       range      mean     stderr   
242          0.0330817  13278.8  0.00403896   0.0108577   13278.6  0.0132019   
243          0.0401892  13278.7   0.0132845   0.0540461   13278.2  0.0531379   
244          0.0623877  13278.7   0.0127575   0.0525924   13278.1  0.0217323   
245          0.0302207  13278.6  0.00328066  0.00706443   13278.2  0.0555122   
247          0.0202007  13278.4  0.00774223   0.0218785     13278  0.0102269   

Transitions                                                         \
Methods                LocMaxFit                        LocMaxPoly   
Stats            range      mean      stderr      range       mean   
242           0.118567   13278.5  0.00781667  0.0440817    13278.4   
243           0.253624   13278.3   0.0354905   0.183221    13278.3   
244          0.0419293   13278.3   0.0221251   0.101438    13278.2   
245           0.178713   13278.2   0.0111184  0.0602207    13278.2   
247          0.0460878     13278   0.0168879  0.0808161      13278   

Transitions                            2->2                                    \
Methods                            SkewedMu                         LocMaxDat   
Stats            stderr      range     mean      stderr       range      mean   
242          0.00743867  0.0310817  13272.7  0.00604841   0.0166126   13272.4   
243           0.0133448  0.0273955  13272.6   0.0082153   0.0286701   13272.2   
244           0.0214575  0.0570501  13272.7   0.0608631    0.217788   13272.3   
245          0.00537305  0.0216915  13272.5  0.00795534   0.0303983   13271.8   
247           0.0169828  0.0367461  13272.2   0.0169622  0.00289077   13271.8   

Transitions                                                                   \
Methods                           LocMaxFit                       LocMaxPoly   
Stats           stderr      range      mean     stderr      range       mean   
242          0.0237838   0.111056   13272.4  0.0139964  0.0691521    13272.3   
243          0.0226842  0.0630337   13272.3  0.0321156   0.177794    13272.2   
244          0.0980811   0.871631     13272  0.0301117  0.0359499    13271.9   
245          0.0239659  0.0344939   13272.1  0.0193701   0.103221      13272   
247          0.0362718   0.403136   13271.9  0.0182574  0.0273615    13271.8   

Transitions                           3->3                                   \
Methods                           SkewedMu                        LocMaxDat   
Stats           stderr      range     mean     stderr       range      mean   
242          0.0109936  0.0206641  13266.8  0.0194346  0.00614779   13266.3   
243          0.0264467  0.0121892  13266.7  0.0740687           0   13266.1   
244          0.0874816   0.123488      NaN        NaN         NaN     13266   
245          0.0109245  0.0192207  13266.4  0.0170896   0.0108722   13266.2   
247          0.0361801  0.0452559      NaN        NaN         NaN     13266   

Transitions                                                                    \
Methods                           LocMaxFit                        LocMaxPoly   
Stats           stderr      range      mean     stderr       range       mean   
242          0.0870301   0.209212   13266.5  0.0208055   0.0306161    13266.4   
243           0.059595   0.281173   13265.8  0.0740687           0    13266.2   
244          0.0532094   0.456609       NaN        NaN         NaN    13266.1   
245          0.0106815  0.0396226   13266.2  0.0169722  0.00724617    13266.1   
247          0.0145767   0.168994       NaN        NaN         NaN    13265.8   

Transitions                        
Methods                            
Stats           stderr      range  
242          0.0287497   0.035242  
243          0.0630522  0.0290696  
244           0.401603  0.0716088  
245           0.024101  0.0313361  
247            0.51245   0.262663  