Shifts       0->0                                                       \
Methods  SkewedMu             LocMaxDat            LocMaxFit             
Stats       shift      error      shift     error      shift     error   
242      0.261774  0.0163123   0.160723  0.404247   0.255043  0.165937   
243      0.176668   0.013519 -0.0685522  0.390032   0.209577  0.170051   
244      0.118555  0.0382166  -0.223747  0.536227  0.0824602  0.169349   
245             0  0.0136368          0   0.35567          0  0.166147   
247     -0.192437  0.0550051  -0.443396   0.27364   -0.17381  0.177818   

Shifts        1->1                                                        \
Methods   SkewedMu              LocMaxDat            LocMaxFit             
Stats        shift       error      shift     error      shift     error   
242       0.263999  0.00956184   0.350423  0.566531   0.256417  0.153397   
243       0.190392   0.0167863   0.187812  0.389661   0.225364  0.159997   
244      0.0981932   0.0210549  -0.034652  0.327229  0.0620078  0.154409   
245              0   0.0107619          0  0.357677          0  0.161566   
247      -0.186652   0.0849318 -0.0798328  0.257336  -0.167581  0.283252   

Shifts       2->2                                                     \
Methods  SkewedMu            LocMaxDat           LocMaxFit             
Stats       shift      error     shift     error     shift     error   
242      0.292507  0.0297241  0.602883   0.39342  0.287147   0.18591   
243      0.175952  0.0299027  0.418328  0.456496  0.208193  0.202412   
244      0.191407  0.0618189  0.229822   0.68921  0.156437  0.202686   
245             0  0.0366574         0  0.382113         0  0.205084   
247     -0.227103   0.146696  -0.25727  0.295007 -0.205858  0.163292   

Shifts        3->3                                                       
Methods   SkewedMu             LocMaxDat            LocMaxFit            
Stats        shift      error      shift     error      shift     error  
242       0.284882  0.0480824  0.0593544  0.569052   0.280698  0.196479  
243      0.0839195  0.0819124 -0.0510828  0.252425   0.117717  0.160827  
244     -0.0293163  0.0795997  -0.160723  0.498249 -0.0615576  0.155491  
245              0  0.0462521          0  0.272099          0  0.214679  
247      -0.427485  0.0928698  -0.269876  0.410204  -0.391709  0.266285  