Shifts       0->0                                                        \
Methods  SkewedMu             LocMaxDat            LocMaxFit              
Stats       shift      error      shift     error      shift      error   
242      0.260986  0.0341966   0.160723  0.404247   0.254725  0.0871163   
243      0.178645  0.0374743 -0.0685522  0.390032   0.225389   0.165326   
244      0.112351   0.049283  -0.254765  0.536227  0.0489496   0.144818   
245             0  0.0473717          0   0.35567          0  0.0696671   
247     -0.197052  0.0551348   -0.51566  0.583159  -0.432676    1.19216   

Shifts        1->1                                                       \
Methods   SkewedMu             LocMaxDat            LocMaxFit             
Stats        shift      error      shift     error      shift     error   
242       0.261655  0.0878683   0.350423  0.566531   0.243455  0.164019   
243       0.191002  0.0889543   0.187812  0.389661   0.235617  0.209715   
244      0.0892276  0.0909045 -0.0357433  0.327229  0.0227249   0.18854   
245              0    0.12393          0  0.357677          0   0.21095   
247      -0.190777   0.112035 -0.0869205  0.843939  -0.444068   1.21722   

Shifts       2->2                                                      \
Methods  SkewedMu            LocMaxDat           LocMaxFit              
Stats       shift      error     shift     error     shift      error   
242      0.284999  0.0631196  0.602991   0.39342  0.280662  0.0745897   
243       0.17529  0.0212188  0.418479  0.456496  0.217366   0.176602   
244      0.185404  0.0709382  0.229973   0.68921  0.117741   0.175966   
245             0   0.014422         0  0.382113         0  0.0802527   
247     -0.239979   0.120564 -0.611114   1.12747 -0.551117    1.23751   

Shifts        3->3                                                     
Methods   SkewedMu            LocMaxDat           LocMaxFit            
Stats        shift     error      shift     error     shift     error  
242       0.281025  0.278341  0.0593765  0.569052  0.274678  0.208178  
243      0.0640876  0.154079 -0.0507705  0.252425  0.123227  0.152106  
244     -0.0752582  0.167126  -0.160411  0.498249 -0.122664  0.194145  
245              0   0.18034          0  0.272099         0  0.120284  
247      -0.421056   1.64342   0.232219   2.89254 -0.803205   2.64761  