Transitions     0->0                                                         \
Methods     SkewedMu                         LocMaxDat                        
Stats           mean      stderr       range      mean     stderr     range   
242            13285  0.00304235  0.00688258   13284.6  0.0461552  0.316489   
243          13284.9  0.00486959   0.0168013   13284.3  0.0732734  0.298118   
244          13284.8  0.00699738   0.0361494   13284.2  0.0949817  0.473592   
245          13284.7  0.00290613   0.0334968   13284.4   0.037528  0.251497   
247          13284.5   0.0055618   0.0437928   13283.9  0.0735076  0.526141   

Transitions                                      1->1                          \
Methods     LocMaxFit                        SkewedMu                           
Stats            mean      stderr      range     mean      stderr       range   
242           13284.7  0.00304235  0.0718505  13278.9  0.00298592  0.00644136   
243           13284.6  0.00486959   0.157816  13278.8  0.00756057   0.0152814   
244           13284.4  0.00699738   0.136181  13278.7  0.00866387   0.0241721   
245           13284.4  0.00290613  0.0492621  13278.6  0.00303674   0.0876318   
247             13284   0.0055618    1.19115  13278.4  0.00622624   0.0698028   

Transitions                                                                  \
Methods     LocMaxDat                      LocMaxFit                          
Stats            mean     stderr     range      mean      stderr      range   
242           13278.5  0.0515381  0.506943   13278.5  0.00298592  0.0682079   
243           13278.3  0.0764833  0.296428   13278.5  0.00756057   0.147412   
244           13278.1  0.0478698  0.207636   13278.3  0.00866387   0.115314   
245           13278.1  0.0361307  0.252916   13278.3  0.00303674   0.149164   
247             13278  0.0245405   0.80515   13277.8  0.00622624    1.20805   

Transitions     2->2                                                        \
Methods     SkewedMu                        LocMaxDat                        
Stats           mean      stderr      range      mean     stderr     range   
242          13272.8  0.00541602  0.0622903   13272.4  0.0860288  0.285963   
243          13272.6  0.00581316  0.0186076   13272.2  0.0410041  0.367945   
244          13272.7   0.0203934  0.0702013     13272  0.0613893  0.634039   
245          13272.5   0.0069879  0.0101979   13271.8   0.012644  0.270194   
247          13272.2   0.0124299   0.120132   13271.2  0.0306964   1.09461   

Transitions                                      3->3                         \
Methods     LocMaxFit                        SkewedMu                          
Stats            mean      stderr      range     mean      stderr      range   
242           13272.4  0.00541602  0.0484085  13266.7    0.012505   0.247411   
243           13272.3  0.00581316   0.167236  13266.5  0.00940458  0.0864809   
244           13272.2   0.0203934   0.166565  13266.4   0.0298008   0.108026   
245           13272.1   0.0069879  0.0567472  13266.5   0.0132568    0.12752   
247           13271.6   0.0124299    1.23621    13266   0.0282408    1.63846   

Transitions                                                                  
Methods     LocMaxDat                      LocMaxFit                         
Stats            mean     stderr     range      mean      stderr      range  
242           13266.3   0.109832  0.535538   13266.4    0.012505   0.190011  
243           13266.2  0.0665059  0.163399   13266.2  0.00940458   0.126104  
244           13266.1  0.0403379  0.459601     13266   0.0298008   0.174523  
245           13266.2  0.0533353  0.192403   13266.1   0.0132568  0.0850534  
247           13266.4  0.0710957   2.88613   13265.3   0.0282408    2.64624  