#Compiled Fit Local Max Estimates:
[[[1.32846991e+04 2.04767886e-02]
  [1.32785795e+04 3.10787494e-02]
  [1.32725595e+04 6.37710468e-02]
  [1.32669822e+04 1.67902941e-01]]

 [[1.32847048e+04 2.10121486e-02]
  [1.32785873e+04 3.16091843e-02]
  [1.32725623e+04 6.73707966e-02]
  [1.32669700e+04 1.82088019e-01]]

 [[1.32845925e+04 1.99823718e-02]
  [1.32784565e+04 3.06117310e-02]
  [1.32724406e+04 6.68923685e-02]
  [1.32664566e+04 1.65123349e-01]]

 [[1.32846707e+04 1.98691958e-02]
  [1.32785688e+04 2.79676021e-02]
  [1.32725398e+04 5.78220570e-02]
  [1.32665541e+04 1.49183884e-01]]

 [[1.32846220e+04 1.89163612e-02]
  [1.32785046e+04 2.87771570e-02]
  [1.32724771e+04 6.54192594e-02]
  [1.32664704e+04 1.56461709e-01]]

 [[1.32846873e+04 2.17741004e-02]
  [1.32785889e+04 3.17139708e-02]
  [1.32725521e+04 7.05894494e-02]
  [1.32670337e+04 1.72359320e-01]]

 [[1.32846763e+04 2.22398282e-02]
  [1.32785830e+04 3.53456409e-02]
  [1.32725510e+04 7.16994761e-02]
  [1.32670608e+04 1.57373722e-01]]

 [[1.32848406e+04 2.82826765e-01]
  [1.32788041e+04 4.51485624e-01]
  [1.32725071e+04 1.58809714e-01]
  [1.32670662e+04 1.86277802e-01]]]

#Scanalyzer Final Estimates:
[13284.66236321 13278.55050178 13272.52550154 13266.80188877]
#1Sigma:
[0.00775556 0.01163346 0.02456386 0.05862639]
#Range:
[0.2480368  0.34764098 0.12163998 0.60959951]