#Compiled Data Local Max Estimates:
[[[1.32844356e+04 2.32283820e-01]
  [1.32782772e+04 1.18093875e-01]
  [1.32723432e+04 2.80106959e-01]
  [1.32666893e+04 1.35661559e-01]]

 [[1.32844356e+04 5.22263306e-02]
  [1.32782772e+04 1.83484698e-01]
  [1.32723432e+04 2.80106959e-01]
  [1.32666893e+04 1.35661559e-01]]

 [[1.32844356e+04 3.17194292e-01]
  [1.32780663e+04 3.94296904e-01]
  [1.32723569e+04 5.74973320e-02]
  [1.32666893e+04 3.45497782e-01]]

 [[1.32844356e+04 2.15631805e-01]
  [1.32782079e+04 2.09416869e-01]
  [1.32723705e+04 2.50827486e-01]
  [1.32666729e+04 1.94475322e-01]]

 [[1.32845014e+04 1.35766184e-01]
  [1.32780678e+04 2.16198553e-01]
  [1.32726174e+04 6.21242720e-01]
  [1.32660350e+04 2.88467944e-01]]

 [[1.32844007e+04 2.84380096e-01]
  [1.32785002e+04 3.99126758e-01]
  [1.32721197e+04 5.01240418e-01]
  [1.32666344e+04 3.83063553e-01]]

 [[1.32844440e+04 3.84851127e-01]
  [1.32782647e+04 6.01974594e-01]
  [1.32723002e+04 1.98222263e-01]
  [1.32667308e+04 1.82963813e-01]]

 [[1.32846116e+04 4.92698239e-01]
  [1.32786158e+04 4.99818605e-01]
  [1.32721632e+04 4.80177972e-01]
  [1.32666923e+04 5.13868798e-01]]]

#Scanalyzer Final Estimates:
[13284.44354369 13278.24872682 13272.34986329 13266.65144374]
#1Sigma:
[0.04498793 0.07783207 0.05128342 0.071432  ]
#Range:
[0.21087643 0.54944402 0.49775104 0.69580238]