#Compiled Fit Center Estimates:
[[[1.32849090e+04 7.85158766e-03]
  [1.32787789e+04 1.42590833e-02]
  [1.32726407e+04 1.09487754e-02]
  [1.32665395e+04 2.87619415e-02]]

 [[1.32849081e+04 1.74614343e+00]
  [1.32787934e+04 1.74614343e+00]
  [1.32726415e+04 1.74614343e+00]
  [1.32665600e+04 1.74614343e+00]]

 [[1.32849053e+04 9.58133802e-03]
  [1.32787884e+04 1.65786738e-02]
  [1.32726322e+04 1.40387143e-02]
  [1.32665458e+04 3.25674877e-02]]

 [[1.32849142e+04 1.06951253e-02]
  [1.32787909e+04 2.02680503e-02]
  [1.32726369e+04 1.51849701e-02]
  [1.32665703e+04 3.70213182e-02]]

 [[1.32849136e+04 1.17727019e-02]
  [1.32787848e+04 2.10336428e-02]
  [1.32726428e+04 1.64635739e-02]
  [1.32665385e+04 3.83560407e-02]]

 [[1.32849123e+04 1.19986026e-02]
  [1.32787864e+04 2.04820775e-02]
  [1.32726341e+04 1.63853980e-02]
  [1.32665800e+04 4.23056369e-02]]

 [[1.32849049e+04 1.43708678e-02]
  [1.32787877e+04 2.53333707e-02]
  [1.32726371e+04 2.02224200e-02]
  [1.32665992e+04 5.24549319e-02]]

 [[1.32849133e+04 2.94032754e-02]
  [1.32787933e+04 4.41779297e-02]
  [1.32726272e+04 2.61743578e-02]
  [1.32666151e+04 7.14648565e-02]]]

#Scanalyzer Final Estimates:
[13284.90982255 13278.78546276 13272.63709709 13266.5580682 ]
#1Sigma:
[0.00422513 0.00751522 0.00586492 0.01461874]
#Range:
[0.00929908 0.01456583 0.01561059 0.07657469]