#Compiled Fit Center Estimates:
[[[1.32847402e+04 1.16665311e-02]
  [1.32786085e+04 1.62748729e-02]
  [1.32724640e+04 2.75664291e-02]
  [1.32665657e+04 6.79959943e-02]]

 [[1.32847389e+04 1.18556268e-02]
  [1.32786065e+04 1.65512509e-02]
  [1.32724626e+04 2.86054934e-02]
  [1.32665647e+04 6.94779531e-02]]

 [[1.32847383e+04 1.20277300e-02]
  [1.32786062e+04 1.66554892e-02]
  [1.32724624e+04 2.69558433e-02]
  [1.32665644e+04 6.99716787e-02]]

 [[1.32847385e+04 1.23711909e-02]
  [1.32786067e+04 1.72133650e-02]
  [1.32724629e+04 2.91432193e-02]
  [1.32665616e+04 7.23939650e-02]]

 [[1.32847382e+04 1.33946439e-02]
  [1.32786061e+04 1.95245378e-02]
  [1.32724544e+04 3.21282147e-02]
  [1.32665620e+04 8.35273453e-02]]

 [[1.32847442e+04 1.32240255e-02]
  [1.32786101e+04 1.90703862e-02]
  [1.32724466e+04 3.15991587e-02]
  [1.32665530e+04 7.68615056e-02]]

 [[1.32847380e+04 1.64228832e-02]
  [1.32786058e+04 2.30889010e-02]
  [1.32724570e+04 4.32521846e-02]
  [1.32665521e+04 9.90064123e-02]]

 [[1.32846838e+04 1.87665543e+00]
  [1.32786358e+04 1.87665543e+00]
  [1.32723412e+04 1.87665543e+00]
  [1.32665947e+04 1.87665543e+00]]]

#Scanalyzer Final Estimates:
[13284.73950505 13278.60716628 13272.45929769 13266.56138929]
#1Sigma:
[0.00482759 0.00679555 0.01147322 0.02847389]
#Range:
[0.06033995 0.02998602 0.12276795 0.04256195]