#Compiled Data Local Max Estimates:
[[[1.32844712e+04 2.38140301e-01]
  [1.32782303e+04 2.76703994e-01]
  [1.32717893e+04 1.26878029e-02]
  [1.32662242e+04 5.72903101e-01]]

 [[1.32844270e+04 7.23536330e-02]
  [1.32780746e+04 1.88945695e-01]
  [1.32717893e+04 3.50378557e-01]
  [1.32662242e+04 2.91450772e-01]]

 [[1.32844244e+04 1.83021873e-01]
  [1.32780746e+04 2.41941225e-02]
  [1.32722539e+04 4.83339661e-01]
  [1.32662270e+04 2.94238508e-01]]

 [[1.32844201e+04 5.13279673e-02]
  [1.32780906e+04 4.16435975e-02]
  [1.32717732e+04 4.54565847e-01]
  [1.32661969e+04 8.47681586e-02]]

 [[1.32843167e+04 6.75369304e-02]
  [1.32782323e+04 6.86324039e-02]
  [1.32717461e+04 4.13164997e-01]
  [1.32662233e+04 1.29524302e-01]]

 [[1.32843664e+04 9.48453760e-02]
  [1.32782598e+04 9.19877293e-02]
  [1.32717808e+04 9.50237427e-02]
  [1.32661840e+04 4.93802974e-01]]

 [[1.32842256e+04 4.19488951e-01]
  [1.32782195e+04 1.95625113e-01]
  [1.32718319e+04 1.98938465e-01]
  [1.32662474e+04 7.93098586e-01]]

 [[1.32839779e+04 5.02797576e-01]
  [1.32780069e+04 4.98948976e-01]
  [1.32720434e+04 4.94077977e-01]
  [1.32660550e+04 4.96377179e-01]]]

#Scanalyzer Final Estimates:
[13284.38967374 13278.10072987 13271.78974665 13266.20446045]
#1Sigma:
[0.03230653 0.0192926  0.01252431 0.06524771]
#Range:
[0.49331159 0.25291559 0.50787614 0.19240339]