#Compiled Data Local Max Estimates:
[[[1.32841062e+04 1.86413104e-01]
  [1.32779692e+04 1.33709923e-01]
  [1.32718440e+04 2.56684013e-01]
  [1.32657031e+04 3.61114391e-01]]

 [[1.32841062e+04 1.86413104e-01]
  [1.32779692e+04 1.33709923e-01]
  [1.32718440e+04 2.56684013e-01]
  [1.32657031e+04 3.61114391e-01]]

 [[1.32841062e+04 5.75831056e-02]
  [1.32780990e+04 4.94824314e-01]
  [1.32718440e+04 2.56684013e-01]
  [1.32657031e+04 6.63669691e-02]]

 [[1.32841062e+04 1.86413104e-01]
  [1.32779692e+04 1.33709923e-01]
  [1.32718440e+04 2.56684013e-01]
  [1.32657031e+04 3.61114391e-01]]

 [[1.32840486e+04 1.92269013e-01]
  [1.32779692e+04 1.33709923e-01]
  [1.32718145e+04 1.64761340e-01]
  [1.32657031e+04 3.61114391e-01]]

 [[1.32843014e+04 2.87256763e-01]
  [1.32780990e+04 4.94824314e-01]
  [1.32718145e+04 1.96427033e-01]
  [1.32657031e+04 2.11027988e-01]]

 [[1.32840464e+04 5.94801279e-01]
  [1.32778981e+04 6.03951368e-01]
  [1.32717159e+04 4.10857852e-01]
  [1.32653042e+04 1.48597454e-01]]

 [[1.32841432e+04 5.00005448e-01]
  [1.32781685e+04 4.86011068e-01]
  [1.32717228e+04 4.82723994e-01]
  [1.32657590e+04 4.70663234e-01]]]

#Scanalyzer Final Estimates:
[13284.10804356 13277.97639244 13271.82056407 13265.64907821]
#1Sigma:
[0.04800637 0.06470117 0.08648987 0.05505089]
#Range:
[0.25507773 0.27033493 0.12803906 0.4547898 ]