#Compiled Fit Local Max Estimates:
[[[1.32845669e+04 7.85158766e-03]
  [1.32784367e+04 1.42590833e-02]
  [1.32722986e+04 1.09487754e-02]
  [1.32661974e+04 2.87619415e-02]]

 [[1.32845443e+04 1.74614343e+00]
  [1.32784296e+04 1.74614343e+00]
  [1.32722777e+04 1.74614343e+00]
  [1.32661962e+04 1.74614343e+00]]

 [[1.32845386e+04 9.58133802e-03]
  [1.32784218e+04 1.65786738e-02]
  [1.32722656e+04 1.40387143e-02]
  [1.32661792e+04 3.25674877e-02]]

 [[1.32845910e+04 1.06951253e-02]
  [1.32784677e+04 2.02680503e-02]
  [1.32723137e+04 1.51849701e-02]
  [1.32662471e+04 3.70213182e-02]]

 [[1.32845941e+04 1.17727019e-02]
  [1.32784653e+04 2.10336428e-02]
  [1.32723233e+04 1.64635739e-02]
  [1.32662190e+04 3.83560407e-02]]

 [[1.32845769e+04 1.19986026e-02]
  [1.32784511e+04 2.04820775e-02]
  [1.32722988e+04 1.63853980e-02]
  [1.32662447e+04 4.23056369e-02]]

 [[1.32845461e+04 1.43708678e-02]
  [1.32784288e+04 2.53333707e-02]
  [1.32722782e+04 2.02224200e-02]
  [1.32662404e+04 5.24549319e-02]]

 [[1.32844589e+04 2.94032754e-02]
  [1.32783389e+04 4.41779297e-02]
  [1.32721728e+04 2.61743578e-02]
  [1.32661607e+04 7.14648565e-02]]]

#Scanalyzer Final Estimates:
[13284.56587237 13278.43997949 13272.29021048 13266.21205101]
#1Sigma:
[0.00422513 0.00751522 0.00586492 0.01461874]
#Range:
[0.13523346 0.12879926 0.15049089 0.08639382]