#Compiled Fit Local Max Estimates:
[[[1.32846561e+04 5.26093496e-03]
  [1.32785240e+04 6.96998580e-03]
  [1.32724240e+04 1.18463321e-02]
  [1.32664393e+04 3.13739878e-02]]

 [[1.32846596e+04 5.55236456e-03]
  [1.32785227e+04 7.26087795e-03]
  [1.32724232e+04 1.31217789e-02]
  [1.32664353e+04 3.44262596e-02]]

 [[1.32846400e+04 6.37016504e-03]
  [1.32785060e+04 8.15143665e-03]
  [1.32723956e+04 1.46466050e-02]
  [1.32663927e+04 4.06034265e-02]]

 [[1.32846472e+04 7.43287721e-03]
  [1.32785139e+04 9.67870677e-03]
  [1.32724017e+04 1.71074765e-02]
  [1.32663970e+04 4.87667443e-02]]

 [[1.32846348e+04 9.37662744e-03]
  [1.32785037e+04 1.20710658e-02]
  [1.32723889e+04 2.10253129e-02]
  [1.32663818e+04 6.03302545e-02]]

 [[1.32845424e+04 1.80374880e-02]
  [1.32784216e+04 1.66416697e-02]
  [1.32723076e+04 3.35827884e-02]
  [1.32663145e+04 1.08107966e-01]]]

#Scanalyzer Final Estimates:
[13284.64786571 13278.51194273 13272.40760823 13266.4159171 ]
#1Sigma:
[0.00281988 0.00363334 0.00643346 0.01754915]
#Range:
[0.11718705 0.1023669  0.1163306  0.1247418 ]