#Compiled Fit Center Estimates:
[[[[1.32847501e+04 9.71460027e-03]
   [1.32785925e+04 1.37533350e-02]
   [1.32724603e+04 3.54078785e-02]
   [1.32664840e+04 8.79035268e-02]]

  [[1.32847442e+04 9.53257684e-03]
   [1.32785906e+04 1.34156996e-02]
   [1.32724715e+04 2.83142168e-02]
   [1.32664178e+04 8.83596132e-02]]

  [[1.32847232e+04 1.06298176e-02]
   [1.32785940e+04 1.56121816e-02]
   [1.32724344e+04 2.74860427e-02]
   [1.32664810e+04 7.31966189e-02]]

  ...

  [[1.32847263e+04 1.02680660e-02]
   [1.32785927e+04 1.47938671e-02]
   [1.32724565e+04 2.91872972e-02]
   [1.32664742e+04 7.94461116e-02]]

  [[1.32847349e+04 1.00912809e-02]
   [1.32786100e+04 1.44394539e-02]
   [1.32724303e+04 2.67123357e-02]
   [1.32664314e+04 7.03613850e-02]]

  [[1.32847556e+04 9.21479703e-03]
   [1.32785914e+04 1.31678791e-02]
   [1.32725020e+04 2.73708299e-02]
   [1.32665385e+04 6.74103772e-02]]]


 [[[1.32847372e+04 1.04199447e-02]
   [1.32786011e+04 1.67126252e-02]
   [1.32724909e+04 2.70548749e-02]
   [1.32665314e+04 7.26579311e-02]]

  [[1.32847502e+04 9.27325043e-03]
   [1.32785925e+04 1.42044660e-02]
   [1.32724439e+04 2.37311527e-02]
   [1.32664177e+04 7.60615455e-02]]

  [[1.32847349e+04 9.54724074e-03]
   [1.32785951e+04 1.50642571e-02]
   [1.32724467e+04 2.52814357e-02]
   [1.32664425e+04 5.97294801e-02]]

  ...

  [[1.32847275e+04 1.07890049e-02]
   [1.32786029e+04 1.59463346e-02]
   [1.32724279e+04 2.89633592e-02]
   [1.32663929e+04 7.42562875e-02]]

  [[1.32847238e+04 9.69666626e-03]
   [1.32785735e+04 1.51221349e-02]
   [1.32724878e+04 2.47160448e-02]
   [1.32664566e+04 6.43665642e-02]]

  [[1.32847392e+04 9.11132282e-03]
   [1.32785886e+04 1.35810319e-02]
   [1.32724122e+04 2.30811371e-02]
   [1.32664801e+04 6.73365812e-02]]]


 [[[1.32847182e+04 9.92476985e-03]
   [1.32785995e+04 1.48641360e-02]
   [1.32724593e+04 2.43770708e-02]
   [1.32662614e+04 8.76956745e-02]]

  [[1.32847215e+04 1.05447109e-02]
   [1.32785795e+04 1.49448843e-02]
   [1.32724258e+04 2.82784328e-02]
   [1.32663977e+04 8.64929526e-02]]

  [[1.32847332e+04 1.08984592e-02]
   [1.32785908e+04 1.48720920e-02]
   [1.32724699e+04 3.01614724e-02]
   [1.32665257e+04 7.80960572e-02]]

  ...

  [[1.32847468e+04 9.58352367e-03]
   [1.32786057e+04 1.34201356e-02]
   [1.32724940e+04 2.71272206e-02]
   [1.32664847e+04 9.51413764e-02]]

  [[1.32847244e+04 1.02714060e-02]
   [1.32785842e+04 1.45582490e-02]
   [1.32724674e+04 3.06670739e-02]
   [1.32664871e+04 9.48861333e-02]]

  [[1.32847173e+04 1.18548593e-02]
   [1.32786050e+04 1.74149241e-02]
   [1.32723956e+04 3.00378325e-02]
   [1.32663737e+04 9.91627129e-02]]]


 ...


 [[[1.32847244e+04 1.42970042e-02]
   [1.32785848e+04 1.89145675e-02]
   [1.32724617e+04 3.73178359e-02]
   [1.32665429e+04 8.80146805e-02]]

  [[1.32847281e+04 1.24307027e-02]
   [1.32785929e+04 1.83346724e-02]
   [1.32724904e+04 3.58666507e-02]
   [1.32665149e+04 7.88055841e-02]]

  [[1.32847298e+04 1.01100714e-02]
   [1.32785718e+04 1.63620243e-02]
   [1.32724636e+04 3.67239634e-02]
   [1.32663615e+04 8.59783917e-02]]

  ...

  [[1.32847358e+04 1.12756937e-02]
   [1.32786024e+04 1.62411922e-02]
   [1.32725161e+04 3.33709637e-02]
   [1.32664599e+04 6.72767232e-02]]

  [[1.32847129e+04 1.25167769e-02]
   [1.32785969e+04 1.66582399e-02]
   [1.32724657e+04 3.37419958e-02]
   [1.32664236e+04 6.87064124e-02]]

  [[1.32847238e+04 1.40693729e-02]
   [1.32785960e+04 2.07486101e-02]
   [1.32724244e+04 4.00233609e-02]
   [1.32665841e+04 1.03519292e-01]]]


 [[[1.32847497e+04 1.33589928e-02]
   [1.32786111e+04 1.95860696e-02]
   [1.32725126e+04 4.15731140e-02]
   [1.32664325e+04 1.15350169e-01]]

  [[1.32847316e+04 1.35425246e-02]
   [1.32785978e+04 1.74163876e-02]
   [1.32724187e+04 3.60941435e-02]
   [1.32665177e+04 9.98816253e-02]]

  [[1.32847176e+04 1.28629424e-02]
   [1.32785847e+04 1.81833149e-02]
   [1.32724600e+04 3.50472238e-02]
   [1.32663773e+04 8.82891086e-02]]

  ...

  [[1.32847381e+04 1.35968164e-02]
   [1.32786066e+04 1.97495634e-02]
   [1.32724543e+04 3.90689716e-02]
   [1.32664125e+04 8.57431809e-02]]

  [[1.32847310e+04 1.26454447e-02]
   [1.32785990e+04 1.88413805e-02]
   [1.32725148e+04 4.07573907e-02]
   [1.32664774e+04 1.16495017e-01]]

  [[1.32847374e+04 1.56775168e-02]
   [1.32785935e+04 2.16433889e-02]
   [1.32724175e+04 3.94226910e-02]
   [1.32664918e+04 9.98824542e-02]]]


 [[[1.32847256e+04 1.73266990e-02]
   [1.32786082e+04 2.43942745e-02]
   [1.32724232e+04 4.64186359e-02]
   [1.32664761e+04 1.13688217e-01]]

  [[1.32847228e+04 1.53319145e-02]
   [1.32785698e+04 2.13358269e-02]
   [1.32724480e+04 4.23448077e-02]
   [1.32664459e+04 8.60262994e-02]]

  [[1.32847361e+04 1.60122672e-02]
   [1.32785785e+04 2.11207323e-02]
   [1.32724439e+04 3.96033905e-02]
   [1.32664431e+04 1.02310161e-01]]

  ...

  [[1.32847091e+04 1.92948792e-02]
   [1.32785808e+04 2.57424637e-02]
   [1.32724347e+04 4.87984136e-02]
   [1.32665053e+04 1.11355751e-01]]

  [[1.32847287e+04 1.46723517e-02]
   [1.32785937e+04 2.11264758e-02]
   [1.32723763e+04 3.46774813e-02]
   [1.32664407e+04 8.74638764e-02]]

  [[1.32847223e+04 1.89371761e-02]
   [1.32785696e+04 2.42050270e-02]
   [1.32724132e+04 4.75054529e-02]
   [1.32664320e+04 1.11114161e-01]]]]

#Scanalyzer Final Estimates:
[13284.73255547 13278.59255645 13272.45489256 13266.46421982]
#1Sigma:
[0.0117438  0.01670313 0.03208352 0.08437929]
#Range:
[0.06307316 0.07663979 0.13982186 0.52080075]