#Compiled Fit Local Max Estimates:
[[[1.32845767e+04 1.37047369e+00]
  [1.32783935e+04 1.37047369e+00]
  [1.32723965e+04 1.37047369e+00]
  [1.32661998e+04 1.37047369e+00]]

 [[1.32846065e+04 1.28700781e+00]
  [1.32784286e+04 1.28700781e+00]
  [1.32724251e+04 1.28700781e+00]
  [1.32662190e+04 1.28700781e+00]]

 [[1.32845358e+04 1.47583243e+00]
  [1.32783593e+04 1.47583243e+00]
  [1.32723492e+04 1.47583243e+00]
  [1.32661640e+04 1.47583243e+00]]

 [[1.32845535e+04 1.12420550e-02]
  [1.32783784e+04 1.28031182e-02]
  [1.32723571e+04 4.04981472e-02]
  [1.32661971e+04 3.72465117e-01]]

 [[1.32845129e+04 1.13832438e-02]
  [1.32783277e+04 1.14232701e-02]
  [1.32723079e+04 3.37802547e-02]
  [1.32661901e+04 2.02223614e-01]]

 [[1.32845433e+04 1.12788202e-02]
  [1.32783653e+04 1.23554503e-02]
  [1.32723296e+04 4.10051009e-02]
  [1.32662280e+04 3.41535151e-01]]

 [[1.32846106e+04 1.55970213e-02]
  [1.32784246e+04 1.67677157e-02]
  [1.32724067e+04 4.93851054e-02]
  [1.32662414e+04 4.41028731e-01]]

 [[1.32846125e+04 2.51404669e-01]
  [1.32783431e+04 1.06105550e-01]
  [1.32723150e+04 7.16921712e-02]
  [1.32661848e+04 7.79096844e-01]]]

#Scanalyzer Final Estimates:
[13284.54780108 13278.36532002 13272.33949702 13266.20330069]
#1Sigma:
[0.00601725 0.00646013 0.01929159 0.14341676]
#Range:
[0.09960318 0.10090966 0.11716846 0.07742999]