#Compiled Fit Local Max Estimates:
[[[[1.32844448e+04 9.71460027e-03]
   [1.32782848e+04 1.37533350e-02]
   [1.32721548e+04 3.54078785e-02]
   [1.32661748e+04 8.79035268e-02]]

  [[1.32844453e+04 9.53257684e-03]
   [1.32782953e+04 1.34156996e-02]
   [1.32721753e+04 2.83142168e-02]
   [1.32661153e+04 8.83596132e-02]]

  [[1.32843850e+04 1.06298176e-02]
   [1.32782550e+04 1.56121816e-02]
   [1.32720950e+04 2.74860427e-02]
   [1.32661450e+04 7.31966189e-02]]

  ...

  [[1.32844050e+04 1.02680660e-02]
   [1.32782650e+04 1.47938671e-02]
   [1.32721350e+04 2.91872972e-02]
   [1.32661550e+04 7.94461116e-02]]

  [[1.32844158e+04 1.00912809e-02]
   [1.32782958e+04 1.44394539e-02]
   [1.32721158e+04 2.67123357e-02]
   [1.32661158e+04 7.03613850e-02]]

  [[1.32844551e+04 9.21479703e-03]
   [1.32782951e+04 1.31678791e-02]
   [1.32722051e+04 2.73708299e-02]
   [1.32662451e+04 6.74103772e-02]]]


 [[[1.32844149e+04 1.04199447e-02]
   [1.32782849e+04 1.67126252e-02]
   [1.32721749e+04 2.70548749e-02]
   [1.32662149e+04 7.26579311e-02]]

  [[1.32844544e+04 9.27325043e-03]
   [1.32782944e+04 1.42044660e-02]
   [1.32721444e+04 2.37311527e-02]
   [1.32661244e+04 7.60615455e-02]]

  [[1.32844142e+04 9.54724074e-03]
   [1.32782742e+04 1.50642571e-02]
   [1.32721342e+04 2.52814357e-02]
   [1.32661242e+04 5.97294801e-02]]

  ...

  [[1.32844008e+04 1.07890049e-02]
   [1.32782708e+04 1.59463346e-02]
   [1.32721008e+04 2.89633592e-02]
   [1.32660608e+04 7.42562875e-02]]

  [[1.32844204e+04 9.69666626e-03]
   [1.32782704e+04 1.51221349e-02]
   [1.32721804e+04 2.47160448e-02]
   [1.32661504e+04 6.43665642e-02]]

  [[1.32844345e+04 9.11132282e-03]
   [1.32782845e+04 1.35810319e-02]
   [1.32721045e+04 2.30811371e-02]
   [1.32661745e+04 6.73365812e-02]]]


 [[[1.32844101e+04 9.92476985e-03]
   [1.32782901e+04 1.48641360e-02]
   [1.32721501e+04 2.43770708e-02]
   [1.32659501e+04 8.76956745e-02]]

  [[1.32843810e+04 1.05447109e-02]
   [1.32782410e+04 1.49448843e-02]
   [1.32720910e+04 2.82784328e-02]
   [1.32660610e+04 8.64929526e-02]]

  [[1.32844106e+04 1.08984592e-02]
   [1.32782706e+04 1.48720920e-02]
   [1.32721506e+04 3.01614724e-02]
   [1.32662006e+04 7.80960572e-02]]

  ...

  [[1.32844312e+04 9.58352367e-03]
   [1.32782912e+04 1.34201356e-02]
   [1.32721812e+04 2.71272206e-02]
   [1.32661712e+04 9.51413764e-02]]

  [[1.32843904e+04 1.02714060e-02]
   [1.32782504e+04 1.45582490e-02]
   [1.32721404e+04 3.06670739e-02]
   [1.32661604e+04 9.48861333e-02]]

  [[1.32843503e+04 1.18548593e-02]
   [1.32782403e+04 1.74149241e-02]
   [1.32720303e+04 3.00378325e-02]
   [1.32660103e+04 9.91627129e-02]]]


 ...


 [[[1.32843875e+04 1.42970042e-02]
   [1.32782475e+04 1.89145675e-02]
   [1.32721275e+04 3.73178359e-02]
   [1.32662075e+04 8.80146805e-02]]

  [[1.32844187e+04 1.24307027e-02]
   [1.32782887e+04 1.83346724e-02]
   [1.32721787e+04 3.58666507e-02]
   [1.32662087e+04 7.88055841e-02]]

  [[1.32843967e+04 1.01100714e-02]
   [1.32782367e+04 1.63620243e-02]
   [1.32721267e+04 3.67239634e-02]
   [1.32660267e+04 8.59783917e-02]]

  ...

  [[1.32844175e+04 1.12756937e-02]
   [1.32782775e+04 1.62411922e-02]
   [1.32721975e+04 3.33709637e-02]
   [1.32661375e+04 6.72767232e-02]]

  [[1.32843694e+04 1.25167769e-02]
   [1.32782594e+04 1.66582399e-02]
   [1.32721294e+04 3.37419958e-02]
   [1.32660794e+04 6.87064124e-02]]

  [[1.32843497e+04 1.40693729e-02]
   [1.32782197e+04 2.07486101e-02]
   [1.32720497e+04 4.00233609e-02]
   [1.32662097e+04 1.03519292e-01]]]


 [[[1.32844388e+04 1.33589928e-02]
   [1.32782988e+04 1.95860696e-02]
   [1.32721988e+04 4.15731140e-02]
   [1.32661188e+04 1.15350169e-01]]

  [[1.32843889e+04 1.35425246e-02]
   [1.32782589e+04 1.74163876e-02]
   [1.32720789e+04 3.60941435e-02]
   [1.32661789e+04 9.98816253e-02]]

  [[1.32843872e+04 1.28629424e-02]
   [1.32782572e+04 1.81833149e-02]
   [1.32721272e+04 3.50472238e-02]
   [1.32660472e+04 8.82891086e-02]]

  ...

  [[1.32843960e+04 1.35968164e-02]
   [1.32782660e+04 1.97495634e-02]
   [1.32721160e+04 3.90689716e-02]
   [1.32660760e+04 8.57431809e-02]]

  [[1.32844012e+04 1.26454447e-02]
   [1.32782712e+04 1.88413805e-02]
   [1.32721812e+04 4.07573907e-02]
   [1.32661412e+04 1.16495017e-01]]

  [[1.32843886e+04 1.56775168e-02]
   [1.32782386e+04 2.16433889e-02]
   [1.32720686e+04 3.94226910e-02]
   [1.32661386e+04 9.98824542e-02]]]


 [[[1.32843414e+04 1.73266990e-02]
   [1.32782314e+04 2.43942745e-02]
   [1.32720414e+04 4.64186359e-02]
   [1.32660914e+04 1.13688217e-01]]

  [[1.32843493e+04 1.53319145e-02]
   [1.32781993e+04 2.13358269e-02]
   [1.32720793e+04 4.23448077e-02]
   [1.32660693e+04 8.60262994e-02]]

  [[1.32843332e+04 1.60122672e-02]
   [1.32781732e+04 2.11207323e-02]
   [1.32720432e+04 3.96033905e-02]
   [1.32660432e+04 1.02310161e-01]]

  ...

  [[1.32843068e+04 1.92948792e-02]
   [1.32781768e+04 2.57424637e-02]
   [1.32720368e+04 4.87984136e-02]
   [1.32661068e+04 1.11355751e-01]]

  [[1.32843793e+04 1.46723517e-02]
   [1.32782493e+04 2.11264758e-02]
   [1.32720293e+04 3.46774813e-02]
   [1.32660893e+04 8.74638764e-02]]

  [[1.32843318e+04 1.89371761e-02]
   [1.32781818e+04 2.42050270e-02]
   [1.32720218e+04 4.75054529e-02]
   [1.32660418e+04 1.11114161e-01]]]]

#Scanalyzer Final Estimates:
[13284.40485372 13278.26459056 13272.12698408 13266.13473085]
#1Sigma:
[0.01196816 0.01682797 0.03216762 0.08439528]
#Range:
[0.16351093 0.1671841  0.21179369 0.49080265]