#Compiled Polynomial Fit Local Max Estimates:
[[[[1.32843072e+04 1.00000000e-03]
   [1.32781672e+04 1.00000000e-03]
   [1.32719682e+04 1.00000000e-03]
   [1.32661049e+04 1.00000000e-03]]]


 [[[1.32843087e+04 1.00000000e-03]
   [1.32781597e+04 1.00000000e-03]
   [1.32719757e+04 1.00000000e-03]
   [1.32661045e+04 1.00000000e-03]]]


 [[[1.32843001e+04 1.00000000e-03]
   [1.32781531e+04 1.00000000e-03]
   [1.32719621e+04 1.00000000e-03]
   [1.32660970e+04 1.00000000e-03]]]


 [[[1.32842710e+04 1.00000000e-03]
   [1.32781450e+04 1.00000000e-03]
   [1.32719570e+04 1.00000000e-03]
   [1.32660630e+04 1.00000000e-03]]]


 [[[1.32842411e+04 1.00000000e-03]
   [1.32781101e+04 1.00000000e-03]
   [1.32719341e+04 1.00000000e-03]
   [1.32660351e+04 1.00000000e-03]]]]

#Scanalyzer Final Estimates:
[13284.28562308 13278.14702308 13271.95942308 13266.08091624]
#1Sigma:
[0.01305576 0.00994038 0.00706989 0.0138189 ]
#Range:
[0.06756107 0.05711466 0.04156107 0.06982557]