#Compiled Fit Center Estimates:
[[[1.32847923e+04 1.37047369e+00]
  [1.32786091e+04 1.37047369e+00]
  [1.32726121e+04 1.37047369e+00]
  [1.32664154e+04 1.37047369e+00]]

 [[1.32847959e+04 1.28700781e+00]
  [1.32786180e+04 1.28700781e+00]
  [1.32726145e+04 1.28700781e+00]
  [1.32664085e+04 1.28700781e+00]]

 [[1.32847892e+04 1.47583243e+00]
  [1.32786127e+04 1.47583243e+00]
  [1.32726026e+04 1.47583243e+00]
  [1.32664173e+04 1.47583243e+00]]

 [[1.32847837e+04 1.12420550e-02]
  [1.32786086e+04 1.28031182e-02]
  [1.32725872e+04 4.04981472e-02]
  [1.32664273e+04 3.72465117e-01]]

 [[1.32847831e+04 1.13832438e-02]
  [1.32785979e+04 1.14232701e-02]
  [1.32725781e+04 3.37802547e-02]
  [1.32664604e+04 2.02223614e-01]]

 [[1.32847806e+04 1.12788202e-02]
  [1.32786026e+04 1.23554503e-02]
  [1.32725668e+04 4.10051009e-02]
  [1.32664652e+04 3.41535151e-01]]

 [[1.32848011e+04 1.55970213e-02]
  [1.32786151e+04 1.67677157e-02]
  [1.32725972e+04 4.93851054e-02]
  [1.32664318e+04 4.41028731e-01]]

 [[1.32848506e+04 2.51404669e-01]
  [1.32785812e+04 1.06105550e-01]
  [1.32725531e+04 7.16921712e-02]
  [1.32664229e+04 7.79096844e-01]]]

#Scanalyzer Final Estimates:
[13284.78527399 13278.60437105 13272.57880609 13266.45048681]
#1Sigma:
[0.00601725 0.00646013 0.01929159 0.14341676]
#Range:
[0.07005166 0.03680492 0.06141362 0.05677707]