#Compiled Data Local Max Estimates:
[[[[1.32843756e+04 1.71638255e-02]
   [1.32778238e+04 5.19223935e-01]
   [1.32723222e+04 6.56428998e-01]
   [1.32659012e+04 5.29959768e-01]]

  [[1.32841980e+04 1.47373711e-01]
   [1.32784026e+04 5.78759010e-01]
   [1.32717893e+04 1.26878029e-02]
   [1.32665639e+04 8.79362341e-01]]

  [[1.32839315e+04 2.80326748e-01]
   [1.32779536e+04 3.73775393e-02]
   [1.32717893e+04 3.20123027e-01]
   [1.32662301e+04 1.42493787e-01]]

  ...

  [[1.32841267e+04 3.05483255e-01]
   [1.32785382e+04 5.99254692e-01]
   [1.32718215e+04 4.32138267e-01]
   [1.32659012e+04 4.19673481e-02]]

  [[1.32844156e+04 1.21022120e-01]
   [1.32780238e+04 1.44534293e-01]
   [1.32725262e+04 7.62592340e-01]
   [1.32662994e+04 7.31988630e-02]]

  [[1.32845005e+04 1.42036908e-01]
   [1.32782093e+04 3.02555300e-02]
   [1.32725262e+04 4.20649466e-01]
   [1.32662242e+04 5.85590904e-03]]]


 [[[1.32845005e+04 1.35349151e-01]
   [1.32782086e+04 1.15158967e-01]
   [1.32722541e+04 3.74011413e-01]
   [1.32662242e+04 2.68874899e-01]]

  [[1.32841910e+04 1.63333836e-01]
   [1.32783665e+04 5.34470420e-01]
   [1.32717893e+04 9.47706576e-02]
   [1.32662242e+04 3.65018330e-01]]

  [[1.32845294e+04 4.29877983e-02]
   [1.32780746e+04 3.52952661e-01]
   [1.32720216e+04 1.26152053e-01]
   [1.32662028e+04 1.84637315e-01]]

  ...

  [[1.32841893e+04 4.30848762e-02]
   [1.32780746e+04 9.36162534e-02]
   [1.32717558e+04 2.46308026e-01]
   [1.32662242e+04 5.39719616e-01]]

  [[1.32841898e+04 1.16329791e-01]
   [1.32778523e+04 4.11527465e-01]
   [1.32717558e+04 1.36968379e-01]
   [1.32662242e+04 3.65018330e-01]]

  [[1.32845591e+04 2.52699263e-01]
   [1.32780746e+04 1.35661893e-01]
   [1.32720460e+04 2.91147156e-01]
   [1.32662994e+04 9.64651937e-02]]]


 [[[1.32842414e+04 5.66695439e-02]
   [1.32781285e+04 3.89793554e-01]
   [1.32720684e+04 1.48932308e-01]
   [1.32658946e+04 2.85524096e-02]]

  [[1.32843355e+04 9.56238536e-02]
   [1.32782611e+04 4.89115368e-01]
   [1.32721943e+04 3.51378360e-02]
   [1.32662264e+04 4.57988491e-01]]

  [[1.32845259e+04 4.25019051e-01]
   [1.32782611e+04 1.02543756e-01]
   [1.32717522e+04 1.68845377e-01]
   [1.32662268e+04 1.84801960e-01]]

  ...

  [[1.32845259e+04 1.30071542e-01]
   [1.32780746e+04 5.72945974e-02]
   [1.32718972e+04 3.57173630e-01]
   [1.32662271e+04 4.58095892e-01]]

  [[1.32844868e+04 9.18603645e-02]
   [1.32780746e+04 5.22040282e-02]
   [1.32717124e+04 3.02288609e-01]
   [1.32657470e+04 3.33012285e-01]]

  [[1.32842142e+04 2.10078640e-01]
   [1.32780746e+04 2.35396869e-02]
   [1.32721943e+04 4.42121132e-01]
   [1.32662027e+04 3.45575253e-02]]]


 ...


 [[[1.32841618e+04 2.98015173e-01]
   [1.32782605e+04 2.89369300e-01]
   [1.32717797e+04 2.08443891e-01]
   [1.32661847e+04 2.09663003e-01]]

  [[1.32845590e+04 9.74255907e-02]
   [1.32782576e+04 3.86817566e-01]
   [1.32717813e+04 9.51952054e-02]
   [1.32661822e+04 1.86118951e-01]]

  [[1.32843650e+04 9.46193615e-02]
   [1.32782567e+04 1.91885792e-01]
   [1.32719894e+04 1.99162049e-01]
   [1.32661843e+04 3.87833000e-01]]

  ...

  [[1.32842605e+04 2.97568167e-01]
   [1.32781699e+04 1.99722104e-01]
   [1.32721854e+04 3.09374900e-01]
   [1.32657953e+04 1.03339996e-01]]

  [[1.32841586e+04 2.08119077e-01]
   [1.32782568e+04 1.17542045e-01]
   [1.32719838e+04 2.04932239e-01]
   [1.32661802e+04 3.83983539e-01]]

  [[1.32843658e+04 9.36587722e-02]
   [1.32782594e+04 2.89001756e-01]
   [1.32717786e+04 2.09925570e-01]
   [1.32661826e+04 1.15684274e-01]]]


 [[[1.32844126e+04 2.02959469e-01]
   [1.32782230e+04 4.08897924e-01]
   [1.32722317e+04 2.01152564e-01]
   [1.32662482e+04 2.02908268e-01]]

  [[1.32844163e+04 1.94987120e-01]
   [1.32782140e+04 3.97826708e-01]
   [1.32718342e+04 3.92870488e-01]
   [1.32662436e+04 1.95652852e-01]]

  [[1.32844152e+04 1.96836481e-01]
   [1.32782174e+04 4.04648895e-01]
   [1.32720326e+04 3.90875887e-01]
   [1.32662494e+04 2.02028057e-01]]

  ...

  [[1.32842264e+04 3.87049819e-01]
   [1.32782215e+04 1.96076189e-01]
   [1.32716426e+04 5.88770795e-01]
   [1.32662496e+04 6.05997954e-01]]

  [[1.32842286e+04 3.88180603e-01]
   [1.32780277e+04 1.89547710e-01]
   [1.32722255e+04 1.98394818e-01]
   [1.32662482e+04 1.98861792e-01]]

  [[1.32844157e+04 1.96831635e-01]
   [1.32780344e+04 3.80806993e-01]
   [1.32718295e+04 2.03316222e-01]
   [1.32662516e+04 6.12732604e-01]]]


 [[[1.32843779e+04 3.01488665e-01]
   [1.32781039e+04 6.05839379e-01]
   [1.32721372e+04 2.88368853e-01]
   [1.32661537e+04 3.04789578e-01]]

  [[1.32843735e+04 3.07213498e-01]
   [1.32781015e+04 2.95114925e-01]
   [1.32718281e+04 5.99882091e-01]
   [1.32661463e+04 3.12778341e-01]]

  [[1.32843744e+04 3.03922309e-01]
   [1.32781012e+04 3.09033406e-01]
   [1.32718391e+04 5.88462411e-01]
   [1.32658632e+04 5.93855359e-01]]

  ...

  [[1.32840853e+04 5.96679102e-01]
   [1.32780974e+04 3.13220619e-01]
   [1.32721331e+04 2.94404923e-01]
   [1.32661536e+04 3.03212420e-01]]

  [[1.32843777e+04 2.98804534e-01]
   [1.32781047e+04 6.06387146e-01]
   [1.32721308e+04 2.93290241e-01]
   [1.32661468e+04 3.09250967e-01]]

  [[1.32843772e+04 2.98531206e-01]
   [1.32780979e+04 2.95238682e-01]
   [1.32718342e+04 5.93869985e-01]
   [1.32661516e+04 3.09477483e-01]]]]

#Scanalyzer Final Estimates:
[13284.30655001 13278.15899053 13271.8656229  13266.18452593]
#1Sigma:
[0.05009375 0.10468646 0.06469178 0.05751312]
#Range:
[0.73869103 0.89143581 0.95436084 0.96180383]