Transitions      0->0                                                \
Methods      SkewedMu              LocMaxDat              LocMaxFit   
Stats           shift uncertainty      shift uncertainty      shift   
242          0.261437  0.00333562   0.216261   0.0415391   0.194805   
243          0.179628  0.00480578 -0.0553647   0.0574336   0.399254   
244          0.118928  0.00652775  -0.136704   0.0601142   0.246772   
245                 0           0          0           0          0   
247         -0.188238  0.00480197  -0.453923   0.0617599  0.0500089   

Transitions                  1->1                                      \
Methods                  SkewedMu               LocMaxDat               
Stats       uncertainty     shift uncertainty       shift uncertainty   
242          0.00333562  0.261338  0.00451012     0.42327   0.0331516   
243          0.00480578  0.194979  0.00817662    0.185249   0.0717963   
244          0.00652775  0.098212  0.00955373 -0.00817909   0.0481785   
245                   0         0           0           0           0   
247          0.00480197 -0.177931  0.00641592  -0.0583118   0.0294058   

Transitions                             2->2                        \
Methods      LocMaxFit              SkewedMu             LocMaxDat   
Stats            shift uncertainty     shift uncertainty     shift   
242           0.193585  0.00451012   0.29143   0.0082076  0.570754   
243           0.416919  0.00817662  0.182424  0.00848255  0.422851   
244           0.226486  0.00955373  0.184245   0.0181443  0.222219   
245                  0           0         0           0         0   
247          0.0642187  0.00641592 -0.221801    0.012902 -0.223211   

Transitions                                          3->3              \
Methods                  LocMaxFit               SkewedMu               
Stats       uncertainty      shift uncertainty      shift uncertainty   
242           0.0777406   0.226874   0.0082076   0.284464   0.0217457   
243           0.0259438   0.403228  0.00848255  0.0921029   0.0217495   
244           0.0588578    0.31201   0.0181443 -0.0327078    0.051077   
245                   0          0           0          0           0   
247           0.0827018  0.0207804    0.012902  -0.415812   0.0331786   

Transitions                                               
Methods      LocMaxDat             LocMaxFit              
Stats            shift uncertainty     shift uncertainty  
242          -0.118158   0.0672977  0.222932   0.0217457  
243         -0.0413118   0.0887492   0.31424   0.0217495  
244          -0.222041   0.0734537  0.100191    0.051077  
245                  0           0         0           0  
247          -0.274778   0.0872099 -0.161208   0.0331786  