#Compiled Fit Local Max Estimates:
[[[1.32846460e+04 9.11970722e-03]
  [1.32785152e+04 1.35120879e-02]
  [1.32723822e+04 1.09364452e-02]
  [1.32662278e+04 1.65260670e-02]]

 [[1.32846387e+04 9.73437446e-03]
  [1.32785275e+04 1.46778808e-02]
  [1.32723742e+04 1.21091986e-02]
  [1.32662530e+04 1.48550299e-02]]

 [[1.32846600e+04 1.10282879e-02]
  [1.32785373e+04 1.85008527e-02]
  [1.32723870e+04 1.43731392e-02]
  [1.32662662e+04 1.91638164e-02]]

 [[1.32846417e+04 1.21104247e-02]
  [1.32785182e+04 1.99369020e-02]
  [1.32723708e+04 1.52984429e-02]
  [1.32662678e+04 1.43337059e-01]]

 [[1.32845488e+04 1.63610355e-02]
  [1.32784403e+04 2.59554003e-02]
  [1.32722920e+04 1.79380417e-02]
  [1.32662446e+04 4.94499488e-02]]]

#Scanalyzer Final Estimates:
[13284.63743985 13278.51625699 13272.3690702  13266.24782104]
#1Sigma:
[0.00491751 0.0076605  0.00604104 0.00937669]
#Range:
[0.11116474 0.09698389 0.09494241 0.03994954]