#Compiled Fit Center Estimates:
[[[1.32849128e+04 9.11970722e-03]
  [1.32787820e+04 1.35120879e-02]
  [1.32726464e+04 1.09364452e-02]
  [1.32664956e+04 1.65260670e-02]]

 [[1.32849140e+04 9.73437446e-03]
  [1.32787966e+04 1.46778808e-02]
  [1.32726487e+04 1.21091986e-02]
  [1.32665177e+04 1.48550299e-02]]

 [[1.32849190e+04 1.10282879e-02]
  [1.32787935e+04 1.85008527e-02]
  [1.32726432e+04 1.43731392e-02]
  [1.32665151e+04 1.91638164e-02]]

 [[1.32849191e+04 1.21104247e-02]
  [1.32787885e+04 1.99369020e-02]
  [1.32726412e+04 1.52984429e-02]
  [1.32665447e+04 1.43337059e-01]]

 [[1.32849035e+04 1.63610355e-02]
  [1.32787873e+04 2.59554003e-02]
  [1.32726396e+04 1.79380417e-02]
  [1.32665897e+04 4.94499488e-02]]]

#Scanalyzer Final Estimates:
[13284.91453231 13278.78936599 13272.64482018 13266.51268491]
#1Sigma:
[0.00491751 0.0076605  0.00604104 0.00937669]
#Range:
[0.01564865 0.0145991  0.0091301  0.09403188]