#Compiled Fit Center Estimates:
[[[1.32849905e+04 5.43268446e-03]
  [1.32788535e+04 7.11799584e-03]
  [1.32727531e+04 1.20018183e-02]
  [1.32667643e+04 3.11325736e-02]]

 [[1.32849914e+04 5.83103467e-03]
  [1.32788496e+04 7.53940212e-03]
  [1.32727494e+04 1.34090473e-02]
  [1.32667593e+04 3.46711068e-02]]

 [[1.32849948e+04 5.49305757e-03]
  [1.32788508e+04 7.37448308e-03]
  [1.32727492e+04 1.24896336e-02]
  [1.32667551e+04 3.39960363e-02]]

 [[1.32849905e+04 6.66366013e-03]
  [1.32788510e+04 8.54724339e-03]
  [1.32727405e+04 1.48711447e-02]
  [1.32667357e+04 4.00788197e-02]]

 [[1.32849923e+04 7.01749511e-03]
  [1.32788526e+04 9.52758578e-03]
  [1.32727413e+04 1.64663222e-02]
  [1.32667460e+04 4.42956139e-02]]

 [[1.32849916e+04 7.69561839e-03]
  [1.32788528e+04 1.00123220e-02]
  [1.32727405e+04 1.72971567e-02]
  [1.32667327e+04 4.72226444e-02]]

 [[1.32849922e+04 9.59981899e-03]
  [1.32788556e+04 1.22579877e-02]
  [1.32727412e+04 2.10817720e-02]
  [1.32667333e+04 5.95479379e-02]]

 [[1.32849733e+04 1.82699434e-02]
  [1.32788493e+04 1.73481749e-02]
  [1.32727295e+04 3.46971814e-02]
  [1.32667343e+04 1.04612664e-01]]]

#Scanalyzer Final Estimates:
[13284.9916313  13278.85182216 13272.74610362 13266.75042931]
#1Sigma:
[0.0024254  0.00315636 0.00545971 0.0146131 ]
#Range:
[0.02152644 0.00636687 0.0236199  0.03153217]