#Compiled Fit Center Estimates:
[[[1.32849961e+04 5.26093496e-03]
  [1.32788640e+04 6.96998580e-03]
  [1.32727639e+04 1.18463321e-02]
  [1.32667792e+04 3.13739878e-02]]

 [[1.32849969e+04 5.55236456e-03]
  [1.32788600e+04 7.26087795e-03]
  [1.32727605e+04 1.31217789e-02]
  [1.32667726e+04 3.44262596e-02]]

 [[1.32849962e+04 6.37016504e-03]
  [1.32788622e+04 8.15143665e-03]
  [1.32727518e+04 1.46466050e-02]
  [1.32667489e+04 4.06034265e-02]]

 [[1.32849973e+04 7.43287721e-03]
  [1.32788640e+04 9.67870677e-03]
  [1.32727518e+04 1.71074765e-02]
  [1.32667471e+04 4.87667443e-02]]

 [[1.32849970e+04 9.37662744e-03]
  [1.32788658e+04 1.20710658e-02]
  [1.32727510e+04 2.10253129e-02]
  [1.32667440e+04 6.03302545e-02]]

 [[1.32849842e+04 1.80374880e-02]
  [1.32788634e+04 1.66416697e-02]
  [1.32727494e+04 3.35827884e-02]
  [1.32667563e+04 1.08107966e-01]]]

#Scanalyzer Final Estimates:
[13284.99628595 13278.86276426 13272.75731901 13266.76410291]
#1Sigma:
[0.00281988 0.00363334 0.00643346 0.01754915]
#Range:
[0.01315716 0.00578957 0.01454779 0.03524617]