Transitions     0->0                                                         \
Methods     SkewedMu                         LocMaxDat                        
Stats           mean      stderr       range      mean     stderr     range   
242            13285   0.0024254   0.0215264   13284.6   0.026111  0.316489   
243          13284.9  0.00422513  0.00929908   13284.3  0.0474859  0.298118   
244          13284.8  0.00611292    0.041515   13284.3  0.0506953  0.473592   
245          13284.7  0.00228993  0.00853426   13284.4  0.0323065  0.493312   
247          13284.5  0.00422079   0.0541734   13283.9  0.0526363  0.134325   

Transitions                                     1->1                          \
Methods     LocMaxFit                       SkewedMu                           
Stats            mean      stderr     range     mean      stderr       range   
242           13284.4   0.0024254  0.340667  13278.9  0.00315636  0.00636687   
243           13284.6  0.00422513  0.135233  13278.8  0.00751522   0.0145658   
244           13284.4  0.00611292   0.24148  13278.7  0.00899418   0.0285226   
245           13284.2  0.00228993  0.268164  13278.6  0.00322158   0.0040169   
247           13284.2  0.00422079  0.133526  13278.4  0.00554847   0.0845662   

Transitions                                                                  \
Methods     LocMaxDat                       LocMaxFit                         
Stats            mean     stderr      range      mean      stderr     range   
242           13278.5  0.0269597   0.507377   13278.2  0.00315636  0.320638   
243           13278.3  0.0691556   0.347779   13278.4  0.00751522  0.128799   
244           13278.1  0.0441471   0.207636   13278.2  0.00899418  0.230766   
245           13278.1  0.0192926   0.252916     13278  0.00322158  0.263933   
247             13278  0.0221923  0.0474913   13278.1  0.00554847  0.259241   

Transitions     2->2                                                        \
Methods     SkewedMu                        LocMaxDat                        
Stats           mean      stderr      range      mean     stderr     range   
242          13272.7  0.00545971  0.0236199   13272.4  0.0767251  0.525023   
243          13272.6  0.00586492  0.0156106   13272.2  0.0227206  0.367945   
244          13272.6    0.017078  0.0779988     13272  0.0575098  0.634039   
245          13272.5  0.00612832  0.0354347   13271.8  0.0125243  0.507876   
247          13272.2   0.0113537   0.144395   13271.6   0.081748  0.676124   

Transitions                                      3->3                        \
Methods     LocMaxFit                        SkewedMu                         
Stats            mean      stderr      range     mean     stderr      range   
242           13272.1  0.00545971   0.339418  13266.8  0.0146131  0.0315322   
243           13272.3  0.00586492   0.150491  13266.6  0.0146187  0.0765747   
244           13272.2    0.017078    0.27946  13266.4  0.0484719   0.102133   
245           13271.9  0.00612832   0.296774  13266.5  0.0161038  0.0449376   
247           13271.9   0.0113537  0.0750797  13266.1  0.0290084  0.0869354   

Transitions                                                                 
Methods     LocMaxDat                      LocMaxFit                        
Stats            mean     stderr     range      mean     stderr      range  
242           13266.1  0.0164838  0.671067   13266.1  0.0146131   0.345805  
243           13266.2  0.0601595  0.420881   13266.2  0.0146187  0.0863938  
244             13266   0.033737  0.459601     13266  0.0484719   0.153521  
245           13266.2  0.0652477  0.192403   13265.9  0.0161038   0.306277  
247           13265.9  0.0578645  0.362283   13265.7  0.0290084     0.2213  