#Compiled Fit Local Max Estimates:
[[[1.32844101e+04 4.96263439e-03]
  [1.32782721e+04 7.22667432e-03]
  [1.32721435e+04 1.38233597e-02]
  [1.32661625e+04 3.61648155e-02]]

 [[1.32843826e+04 4.86848361e-03]
  [1.32782505e+04 7.52391855e-03]
  [1.32721153e+04 1.33192073e-02]
  [1.32661396e+04 3.82385156e-02]]

 [[1.32843917e+04 5.84739754e-03]
  [1.32782561e+04 8.17566570e-03]
  [1.32721205e+04 1.65844283e-02]
  [1.32661266e+04 4.30768813e-02]]

 [[1.32843977e+04 6.87300353e-03]
  [1.32782591e+04 9.56567988e-03]
  [1.32721273e+04 2.00046552e-02]
  [1.32661297e+04 5.04914266e-02]]

 [[1.32843799e+04 9.33014505e-03]
  [1.32782423e+04 1.27162513e-02]
  [1.32721060e+04 2.64131956e-02]
  [1.32661147e+04 6.90095983e-02]]

 [[1.32842926e+04 2.26719414e-02]
  [1.32781579e+04 2.23410296e-02]
  [1.32719985e+04 3.71923168e-02]
  [1.32660107e+04 9.88020774e-02]]]

#Scanalyzer Final Estimates:
[13284.39282316 13278.25552532 13272.12046084 13266.13521947]
#1Sigma:
[0.00261137 0.00375584 0.0072242  0.01927332]
#Range:
[0.11748376 0.11424416 0.1450166  0.15180108]