#Compiled Fit Local Max Estimates:
[[[1.32846449e+04 5.77314515e-03]
  [1.32785189e+04 6.27803160e-03]
  [1.32724142e+04 1.03597084e-02]
  [1.32664188e+04 2.29647324e-02]]

 [[1.32846726e+04 5.98068716e-03]
  [1.32785335e+04 6.36624924e-03]
  [1.32724330e+04 1.12324850e-02]
  [1.32664167e+04 2.34478824e-02]]

 [[1.32846552e+04 6.84556633e-03]
  [1.32785212e+04 7.21577601e-03]
  [1.32724019e+04 1.21194606e-02]
  [1.32663591e+04 1.93492169e-02]]

 [[1.32846596e+04 7.84726310e-03]
  [1.32785270e+04 8.52475822e-03]
  [1.32724151e+04 1.37227266e-02]
  [1.32664212e+04 3.48080243e-01]]

 [[1.32846251e+04 1.02205453e-02]
  [1.32784965e+04 1.08069484e-02]
  [1.32723846e+04 1.53208539e-02]
  [1.32663944e+04 1.44354106e+00]]

 [[1.32846007e+04 1.84858998e-02]
  [1.32784653e+04 6.96945348e-03]
  [1.32724133e+04 4.61917768e-02]
  [1.32665492e+04 2.48217427e+00]]]

#Scanalyzer Final Estimates:
[13284.65335663 13278.51195145 13272.41256502 13266.39326942]
#1Sigma:
[0.00304235 0.00298592 0.00541602 0.01250499]
#Range:
[0.07185051 0.06820792 0.04840845 0.19001072]