#Compiled Data Local Max Estimates:
[[[1.32844417e+04 1.23000724e-01]
  [1.32780373e+04 4.37682461e-01]
  [1.32721707e+04 3.15710336e-01]
  [1.32663402e+04 1.78604566e-01]]

 [[1.32844417e+04 1.23000724e-01]
  [1.32784750e+04 5.71400248e-02]
  [1.32724567e+04 1.22973636e-01]
  [1.32666320e+04 5.26094403e-01]]

 [[1.32846293e+04 5.75576060e-02]
  [1.32785354e+04 3.57352404e-01]
  [1.32723501e+04 1.98878802e-01]
  [1.32660965e+04 1.93297179e-01]]

 [[1.32846569e+04 1.99315528e-01]
  [1.32784555e+04 1.97290521e-01]
  [1.32723597e+04 2.08319477e-01]
  [1.32662627e+04 2.96455863e-01]]

 [[1.32845231e+04 4.07867373e-01]
  [1.32785443e+04 1.91862508e-01]
  [1.32723561e+04 3.87803481e-01]
  [1.32663795e+04 4.12707636e-01]]

 [[1.32843404e+04 4.88712276e-01]
  [1.32783889e+04 4.82606636e-01]
  [1.32724041e+04 5.01049874e-01]
  [1.32664577e+04 5.04864777e-01]]]

#Scanalyzer Final Estimates:
[13284.57402904 13278.47286974 13272.39243618 13266.27192049]
#1Sigma:
[0.04615518 0.05153805 0.08602881 0.10983179]
#Range:
[0.31648896 0.50694334 0.2859625  0.53553806]