#Compiled Fit Center Estimates:
[[[1.32847303e+04 5.76185040e-03]
  [1.32785969e+04 6.09736069e-03]
  [1.32724690e+04 1.34570304e-02]
  [1.32664616e+04 2.61343899e-02]]

 [[1.32847370e+04 5.30259808e-03]
  [1.32786004e+04 5.88629491e-03]
  [1.32724702e+04 1.30330604e-02]
  [1.32664655e+04 2.35084870e-02]]

 [[1.32847292e+04 6.55194926e-03]
  [1.32785954e+04 6.78587801e-03]
  [1.32724600e+04 1.65730102e-02]
  [1.32664391e+04 2.63963652e-02]]

 [[1.32847365e+04 7.55429483e-03]
  [1.32785982e+04 7.53753148e-03]
  [1.32724695e+04 1.94623066e-02]
  [1.32664164e+04 3.66998179e-02]]

 [[1.32847423e+04 9.63183643e-03]
  [1.32785994e+04 8.71202025e-03]
  [1.32724699e+04 2.47084376e-02]
  [1.32664507e+04 6.50424458e-02]]

 [[1.32847627e+04 2.98602921e-02]
  [1.32785128e+04 7.32237936e-02]
  [1.32724680e+04 2.94776935e-02]
  [1.32665439e+04 6.29824602e-01]]]

#Scanalyzer Final Estimates:
[13284.7344278  13278.59790788 13272.46784327 13266.45083703]
#1Sigma:
[0.00290613 0.00303674 0.0069879  0.0132568 ]
#Range:
[0.03349682 0.08763184 0.01019787 0.12751987]