#Compiled Data Local Max Estimates:
[[[1.32844712e+04 2.38140301e-01]
  [1.32782303e+04 2.76703994e-01]
  [1.32717893e+04 1.26878029e-02]
  [1.32662242e+04 5.72903101e-01]]

 [[1.32844270e+04 7.23536330e-02]
  [1.32780746e+04 1.88945695e-01]
  [1.32717893e+04 3.50378557e-01]
  [1.32662242e+04 7.51508327e-02]]

 [[1.32844201e+04 5.13279673e-02]
  [1.32780906e+04 4.16435975e-02]
  [1.32717732e+04 4.54565847e-01]
  [1.32661969e+04 8.47681586e-02]]

 [[1.32843664e+04 9.48453760e-02]
  [1.32782598e+04 9.19877293e-02]
  [1.32717808e+04 2.07805837e-01]
  [1.32661840e+04 4.93802974e-01]]

 [[1.32842256e+04 3.87842922e-01]
  [1.32782195e+04 1.95625113e-01]
  [1.32718319e+04 5.93017161e-01]
  [1.32662474e+04 2.03985730e-01]]

 [[1.32844770e+04 4.99109902e-01]
  [1.32780069e+04 4.99219720e-01]
  [1.32720434e+04 4.93356188e-01]
  [1.32660550e+04 4.92358877e-01]]]

#Scanalyzer Final Estimates:
[13284.41330638 13278.12244723 13271.78944484 13266.21254396]
#1Sigma:
[0.03752799 0.03613071 0.01264402 0.05333528]
#Range:
[0.2514966  0.25291559 0.27019434 0.19240339]