#Compiled Fit Center Estimates:
[[[1.32848551e+04 1.45865368e-02]
  [1.32786947e+04 1.87346980e-02]
  [1.32726799e+04 4.78658193e-02]
  [1.32664046e+04 6.37429826e-02]]

 [[1.32848592e+04 1.42882813e-02]
  [1.32786996e+04 1.90269440e-02]
  [1.32726857e+04 4.46284086e-02]
  [1.32663786e+04 5.50044296e-02]]

 [[1.32848457e+04 1.75208295e-02]
  [1.32786862e+04 2.17917181e-02]
  [1.32726515e+04 5.08791575e-02]
  [1.32663270e+04 5.59328009e-02]]

 [[1.32848330e+04 1.87573573e-02]
  [1.32786755e+04 2.17685266e-02]
  [1.32726328e+04 5.09610640e-02]
  [1.32663914e+04 8.47228852e-02]]

 [[1.32848445e+04 1.97838565e-02]
  [1.32786780e+04 2.39622562e-02]
  [1.32726327e+04 5.03026795e-02]
  [1.32664332e+04 1.05250149e-01]]

 [[1.32848231e+04 2.14642450e-02]
  [1.32786794e+04 2.38828418e-02]
  [1.32726155e+04 5.77961661e-02]
  [1.32663251e+04 2.62259004e+00]]]

#Scanalyzer Final Estimates:
[13284.84677922 13278.68713549 13272.65324723 13266.37557884]
#1Sigma:
[0.00699738 0.00866387 0.02039344 0.02980079]
#Range:
[0.03614938 0.02417214 0.07020135 0.1080262 ]