#Compiled Data Local Max Estimates:
[[[1.32839651e+04 1.37614190e-01]
  [1.32780395e+04 2.90602437e-02]
  [1.32714618e+04 7.72981835e-01]
  [1.32659543e+04 1.60246934e-01]]

 [[1.32839307e+04 4.04854475e-01]
  [1.32780400e+04 5.29836023e-02]
  [1.32715203e+04 3.87989738e-02]
  [1.32659543e+04 3.50917975e-01]]

 [[1.32835208e+04 1.97575619e-01]
  [1.32773791e+04 3.02070602e-01]
  [1.32705772e+04 5.14149777e-02]
  [1.32650425e+04 4.52127914e-01]]

 [[1.32839702e+04 1.03258519e-01]
  [1.32780663e+04 9.88924470e-02]
  [1.32715802e+04 3.91166598e-01]
  [1.32671882e+04 9.25251620e-02]]

 [[1.32834485e+04 6.05344041e-01]
  [1.32772611e+04 5.96737626e-01]
  [1.32704856e+04 3.93089377e-01]
  [1.32643021e+04 2.00007868e-01]]

 [[1.32839747e+04 4.98181025e-01]
  [1.32780298e+04 4.93446646e-01]
  [1.32715777e+04 4.99594613e-01]
  [1.32656272e+04 4.95262699e-01]]]

#Scanalyzer Final Estimates:
[13283.89764644 13278.0355267  13271.17833086 13266.44476331]
#1Sigma:
[0.07350765 0.02454047 0.03069642 0.07109569]
#Range:
[0.52614082 0.80515021 1.09461412 2.8861342 ]