#Compiled Fit Center Estimates:
[[[1.32845471e+04 1.12505012e-02]
  [1.32784048e+04 1.32966333e-02]
  [1.32721992e+04 2.78371256e-02]
  [1.32660230e+04 4.21051050e-02]]

 [[1.32845463e+04 1.10224398e-02]
  [1.32784074e+04 1.25438453e-02]
  [1.32722672e+04 2.21808177e-02]
  [1.32660046e+04 5.31613153e-02]]

 [[1.32845476e+04 1.19736756e-02]
  [1.32784099e+04 1.27141462e-02]
  [1.32722341e+04 2.85650323e-02]
  [1.32660175e+04 5.02184605e-02]]

 [[1.32845457e+04 1.58419895e+00]
  [1.32784205e+04 1.58419895e+00]
  [1.32722470e+04 1.58419895e+00]
  [1.32660640e+04 1.58419895e+00]]

 [[1.32845442e+04 1.41733474e-02]
  [1.32784121e+04 1.42434537e-02]
  [1.32722472e+04 3.17406645e-02]
  [1.32660715e+04 8.42106148e-02]]]

#Scanalyzer Final Estimates:
[13284.54649257 13278.40843591 13272.24046766 13266.02172328]
#1Sigma:
[0.00596711 0.00657565 0.01343332 0.02620848]
#Range:
[0.00344462 0.01569331 0.06795517 0.06695336]