#Compiled Fit Local Max Estimates:
[[[1.32842494e+04 1.12505012e-02]
  [1.32781048e+04 1.32966333e-02]
  [1.32719035e+04 2.78371256e-02]
  [1.32657246e+04 4.21051050e-02]]

 [[1.32842185e+04 1.10224398e-02]
  [1.32780735e+04 1.25438453e-02]
  [1.32719409e+04 2.21808177e-02]
  [1.32656726e+04 5.31613153e-02]]

 [[1.32842356e+04 1.19736756e-02]
  [1.32780959e+04 1.27141462e-02]
  [1.32719198e+04 2.85650323e-02]
  [1.32657032e+04 5.02184605e-02]]

 [[1.32842277e+04 1.58419895e+00]
  [1.32781010e+04 1.58419895e+00]
  [1.32719324e+04 1.58419895e+00]
  [1.32657487e+04 1.58419895e+00]]

 [[1.32841849e+04 1.41733474e-02]
  [1.32780591e+04 1.42434537e-02]
  [1.32718878e+04 3.17406645e-02]
  [1.32657162e+04 8.42106148e-02]]]

#Scanalyzer Final Estimates:
[13284.22547042 13278.08406263 13271.91803029 13265.70532285]
#1Sigma:
[0.00596711 0.00657565 0.01343332 0.02620848]
#Range:
[0.06442217 0.04567114 0.05307858 0.07601795]