#Compiled Data Local Max Estimates:
[[[1.32839651e+04 1.37614190e-01]
  [1.32780395e+04 2.90602437e-02]
  [1.32714618e+04 7.72981835e-01]
  [1.32659543e+04 1.60246934e-01]]

 [[1.32839307e+04 4.04854475e-01]
  [1.32780400e+04 5.29836023e-02]
  [1.32714618e+04 5.81529429e-01]
  [1.32659543e+04 3.50917975e-01]]

 [[1.32839743e+04 3.51909706e-01]
  [1.32780773e+04 1.39728445e-01]
  [1.32715320e+04 9.23550221e-02]
  [1.32659283e+04 5.54218955e-01]]

 [[1.32839702e+04 1.03258519e-01]
  [1.32780663e+04 9.88924470e-02]
  [1.32715802e+04 3.91166598e-01]
  [1.32659894e+04 2.06454596e-01]]

 [[1.32840385e+04 4.08779687e-01]
  [1.32780612e+04 1.87661231e-01]
  [1.32714871e+04 5.85655815e-01]
  [1.32658934e+04 4.07324371e-01]]]

#Scanalyzer Final Estimates:
[13283.96979532 13278.042645   13271.53093995 13265.95895194]
#1Sigma:
[0.07743953 0.02409658 0.08726306 0.11193854]
#Range:
[0.10783472 0.03785037 0.11842265 0.09604169]