#Compiled Fit Center Estimates:
[[[[1.32845426e+04 9.68950514e-03]
   [1.32784056e+04 1.47606871e-02]
   [           nan            nan]
   [           nan            nan]]]


 [[[1.32845355e+04 1.03317759e-02]
   [1.32783961e+04 1.76415026e-02]
   [           nan            nan]
   [           nan            nan]]]


 [[[1.32845397e+04 1.05053052e-02]
   [1.32783863e+04 1.63984066e-02]
   [           nan            nan]
   [           nan            nan]]]


 [[[1.32845419e+04 8.05550304e-03]
   [1.32783837e+04 1.21559039e-02]
   [1.32722251e+04 2.26595350e-02]
   [           nan            nan]]]


 [[[1.32845462e+04 9.07975443e-03]
   [1.32783851e+04 1.35908264e-02]
   [1.32722222e+04 2.55299191e-02]
   [           nan            nan]]]]

#Scanalyzer Final Estimates:
[13284.54154012 13278.39034883 13272.2238308             nan]
#1Sigma:
[0.00452875 0.00774223 0.01696225        nan]
#Range:
[0.01065804 0.02187846 0.00289077        nan]