#Compiled Data Local Max Estimates:
[[[[1.32839944e+04 9.74737884e-02]
   [1.32780430e+04 1.71160171e-01]
   [           nan            nan]
   [           nan            nan]]

  [[1.32839944e+04 2.89140025e-01]
   [1.32777161e+04 1.55670033e-01]
   [1.32721379e+04 2.35028516e-01]
   [1.32645270e+04 6.50978491e-01]]

  [[1.32839307e+04 1.83890284e-01]
   [1.32780430e+04 1.71143477e-01]
   [           nan            nan]
   [           nan            nan]]

  [[1.32839307e+04 3.41551842e-02]
   [1.32780426e+04 9.77885021e-02]
   [           nan            nan]
   [           nan            nan]]

  [[1.32841005e+04 2.03944734e-01]
   [1.32780433e+04 6.12293140e-02]
   [           nan            nan]
   [           nan            nan]]

  [[1.32843355e+04 5.21497081e-02]
   [1.32774186e+04 6.53448838e-01]
   [1.32719927e+04 4.30556455e-01]
   [1.32647726e+04 2.46001172e-01]]

  [[1.32839944e+04 2.08482301e-01]
   [1.32774189e+04 4.52864239e-01]
   [1.32713272e+04 8.20922257e-02]
   [1.32655180e+04 4.19977968e-01]]

  [[1.32839311e+04 2.71707723e-01]
   [1.32778712e+04 2.32396632e-01]
   [           nan            nan]
   [           nan            nan]]

  [[1.32843353e+04 2.57217594e-01]
   [1.32780431e+04 1.71579363e-01]
   [           nan            nan]
   [           nan            nan]]

  [[1.32839305e+04 1.70352611e-01]
   [1.32777171e+04 4.14934651e-01]
   [1.32721385e+04 8.09556287e-01]
   [1.32647057e+04 6.99645986e-01]]

  [[1.32839308e+04 4.05381455e-01]
   [1.32780426e+04 2.06651467e-01]
   [           nan            nan]
   [           nan            nan]]

  [[1.32839308e+04 1.70055359e-01]
   [1.32780427e+04 1.71081261e-01]
   [           nan            nan]
   [           nan            nan]]

  [[1.32839944e+04 2.08592533e-01]
   [1.32781040e+04 2.31681351e-01]
   [           nan            nan]
   [           nan            nan]]

  [[1.32843354e+04 2.57642863e-01]
   [1.32780426e+04 5.67900473e-02]
   [           nan            nan]
   [           nan            nan]]

  [[1.32839944e+04 8.36817033e-02]
   [1.32780429e+04 1.71314081e-01]
   [           nan            nan]
   [           nan            nan]]

  [[1.32839304e+04 1.70208473e-01]
   [1.32781049e+04 2.71130289e-02]
   [           nan            nan]
   [           nan            nan]]

  [[1.32841008e+04 1.06358817e-01]
   [1.32780427e+04 1.70357383e-01]
   [           nan            nan]
   [           nan            nan]]

  [[1.32839304e+04 1.47650868e-01]
   [1.32778718e+04 7.30488901e-02]
   [1.32721387e+04 5.76547105e-01]
   [1.32654053e+04 6.32006427e-01]]

  [[1.32839309e+04 3.52417878e-01]
   [1.32778719e+04 3.62092039e-02]
   [1.32721369e+04 5.08688725e-01]
   [1.32641936e+04 4.19139515e-01]]

  [[1.32839304e+04 1.47851558e-01]
   [1.32777168e+04 2.69036154e-01]
   [           nan            nan]
   [           nan            nan]]]


 [[[1.32839751e+04 2.12180956e-01]
   [1.32779897e+04 2.42687689e-01]
   [           nan            nan]
   [           nan            nan]]

  [[1.32839752e+04 1.60779897e-01]
   [1.32780771e+04 1.39693079e-01]
   [1.32715316e+04 2.85881672e-01]
   [1.32651783e+04 5.91444038e-02]]

  [[1.32841367e+04 1.61216880e-01]
   [1.32780767e+04 8.61259684e-02]
   [1.32715317e+04 1.59729892e-01]
   [1.32652369e+04 1.38327697e-01]]

  [[1.32842228e+04 1.03470364e-01]
   [1.32780770e+04 1.00611007e-01]
   [1.32715315e+04 4.52951599e-01]
   [1.32655383e+04 3.59898809e-01]]

  [[1.32842228e+04 2.00506602e-01]
   [1.32780766e+04 5.13627953e-02]
   [1.32715321e+04 9.18046870e-02]
   [1.32655898e+04 2.15936018e-01]]

  [[1.32839387e+04 3.86916408e-01]
   [1.32780768e+04 2.51867942e-01]
   [           nan            nan]
   [           nan            nan]]

  [[1.32839730e+04 1.64203191e-01]
   [1.32780777e+04 9.94128671e-02]
   [1.32715304e+04 2.10448440e-01]
   [1.32649270e+04 8.07295166e-01]]

  [[1.32839742e+04 4.89452041e-02]
   [1.32780780e+04 2.52587413e-01]
   [1.32719838e+04 4.14663892e-01]
   [1.32651786e+04 1.58523642e-01]]

  [[1.32842737e+04 2.50826109e-01]
   [1.32780767e+04 5.27205719e-02]
   [           nan            nan]
   [           nan            nan]]

  [[1.32839748e+04 2.98320288e-01]
   [1.32780775e+04 5.54892876e-01]
   [1.32715323e+04 2.56658242e-01]
   [1.32655390e+04 3.59337277e-01]]

  [[1.32842222e+04 1.04281400e-01]
   [1.32779901e+04 4.67304032e-01]
   [1.32715321e+04 2.56983281e-01]
   [1.32652371e+04 1.00010873e-01]]

  [[1.32839738e+04 2.47974346e-01]
   [1.32780768e+04 1.01416769e-01]
   [1.32714904e+04 5.47290044e-01]
   [1.32652370e+04 5.83628024e-02]]

  [[1.32843262e+04 2.49464286e-01]
   [1.32780773e+04 2.52570014e-01]
   [1.32715322e+04 9.20515534e-02]
   [1.32655393e+04 1.65329834e-01]]

  [[1.32839741e+04 3.52184259e-01]
   [1.32780784e+04 1.54592265e-01]
   [1.32719295e+04 1.94211860e-01]
   [1.32653735e+04 3.31232138e-01]]

  [[1.32839739e+04 4.90557904e-02]
   [1.32779901e+04 5.18178406e-02]
   [1.32715699e+04 3.60111789e-01]
   [1.32651778e+04 3.61083171e-01]]

  [[1.32839767e+04 4.55632017e-02]
   [1.32779901e+04 1.38191090e-01]
   [1.32715336e+04 2.83287220e-01]
   [1.32655385e+04 8.06111662e-01]]

  [[1.32839755e+04 9.28186629e-02]
   [1.32780775e+04 1.97601185e-01]
   [1.32715313e+04 9.35824081e-02]
   [1.32652371e+04 1.94644749e-01]]

  [[1.32839740e+04 1.62227165e-01]
   [1.32780771e+04 1.96989681e-01]
   [1.32715324e+04 1.61041121e-01]
   [1.32655884e+04 2.13524506e-01]]

  [[1.32841366e+04 6.05770976e-02]
   [1.32780253e+04 3.54304445e-02]
   [1.32715306e+04 2.93771048e-01]
   [1.32651783e+04 2.50925547e-01]]

  [[1.32839747e+04 2.47817471e-01]
   [1.32780775e+04 1.97917735e-01]
   [1.32716246e+04 5.45397571e-02]
   [1.32659283e+04 1.32832846e-01]]]


 [[[1.32839044e+04 2.26273123e-01]
   [1.32780332e+04 7.83161608e-02]
   [           nan            nan]
   [           nan            nan]]

  [[1.32839035e+04 7.46094006e-02]
   [1.32781116e+04 6.79039148e-02]
   [1.32720126e+04 3.46327366e-01]
   [1.32651694e+04 6.26573527e-01]]

  [[1.32841314e+04 1.35886854e-01]
   [1.32780335e+04 1.47991500e-01]
   [           nan            nan]
   [           nan            nan]]

  [[1.32839040e+04 2.26820591e-01]
   [1.32780337e+04 7.94292158e-02]
   [1.32719439e+04 2.00744631e-01]
   [1.32655747e+04 1.48032928e-01]]

  [[1.32843243e+04 2.66061858e-01]
   [1.32781127e+04 2.26353348e-01]
   [           nan            nan]
   [           nan            nan]]

  [[1.32839041e+04 2.26916400e-01]
   [1.32780337e+04 7.89480840e-02]
   [           nan            nan]
   [           nan            nan]]

  [[1.32843234e+04 3.45460390e-01]
   [1.32780338e+04 1.48120687e-01]
   [           nan            nan]
   [           nan            nan]]

  [[1.32843227e+04 3.44786636e-01]
   [1.32779556e+04 1.35522319e-01]
   [           nan            nan]
   [           nan            nan]]

  [[1.32841302e+04 6.70941562e-02]
   [1.32780329e+04 7.53772636e-02]
   [1.32715296e+04 2.13408604e-01]
   [1.32651695e+04 6.44302190e-02]]

  [[1.32840580e+04 1.39880074e-01]
   [1.32778845e+04 7.18477568e-02]
   [1.32715295e+04 4.14801016e-01]
   [1.32652332e+04 3.42243111e-01]]

  [[1.32841988e+04 6.84421784e-02]
   [1.32779556e+04 1.33820652e-01]
   [1.32720117e+04 2.68109677e-01]
   [1.32643097e+04 6.32839213e-01]]

  [[1.32843239e+04 2.65139266e-01]
   [1.32780339e+04 1.48459649e-01]
   [1.32715304e+04 2.13101581e-01]
   [1.32651695e+04 6.26584897e-01]]

  [[1.32839045e+04 1.53606799e-01]
   [1.32780330e+04 2.12365680e-01]
   [           nan            nan]
   [           nan            nan]]

  [[1.32839042e+04 1.54193554e-01]
   [1.32780340e+04 7.79422355e-02]
   [1.32715285e+04 2.14795902e-01]
   [1.32655730e+04 5.55876329e-01]]

  [[1.32839036e+04 1.55479653e-01]
   [1.32780333e+04 7.59538921e-02]
   [1.32716667e+04 2.76403108e-01]
   [1.32653556e+04 3.67274088e-01]]

  [[1.32841309e+04 1.93048304e-01]
   [1.32780345e+04 2.11652484e-01]
   [           nan            nan]
   [           nan            nan]]

  [[1.32839039e+04 7.50443374e-02]
   [1.32779556e+04 7.79931426e-02]
   [           nan            nan]
   [           nan            nan]]

  [[1.32839037e+04 1.54446804e-01]
   [1.32780330e+04 2.12897476e-01]
   [1.32715289e+04 4.82159962e-01]
   [1.32655739e+04 4.04772307e-01]]

  [[1.32839050e+04 1.53838503e-01]
   [1.32780326e+04 8.01417255e-02]
   [1.32717441e+04 7.77253669e-02]
   [1.32655757e+04 4.05924784e-01]]

  [[1.32839062e+04 7.24638972e-02]
   [1.32780338e+04 2.13697775e-01]
   [1.32720117e+04 2.69098863e-01]
   [1.32653553e+04 3.38124044e-01]]]


 [[[1.32839706e+04 1.04302534e-01]
   [1.32780664e+04 9.64889805e-02]
   [1.32715805e+04 3.91481825e-01]
   [1.32659899e+04 4.00149056e-01]]

  [[1.32841702e+04 1.90696685e-01]
   [1.32780666e+04 9.85374104e-02]
   [1.32715802e+04 5.04086774e-01]
   [1.32655901e+04 3.95953276e-01]]

  [[1.32839699e+04 9.58111663e-02]
   [1.32780665e+04 9.60988895e-02]
   [1.32715802e+04 3.91895637e-01]
   [1.32653879e+04 2.02940398e-01]]

  [[1.32840656e+04 1.98213481e-01]
   [1.32780668e+04 9.82277421e-02]
   [1.32715800e+04 3.92000388e-01]
   [1.32655885e+04 5.06091542e-01]]

  [[1.32842715e+04 1.01884312e-01]
   [1.32778721e+04 2.03745292e-01]
   [1.32719719e+04 3.91741242e-01]
   [1.32659904e+04 2.07337996e-01]]

  [[1.32840652e+04 1.04657466e-01]
   [1.32780655e+04 1.93087841e-01]
   [1.32717791e+04 1.92529623e-01]
   [1.32652835e+04 3.06766973e-01]]

  [[1.32839711e+04 3.01693919e-01]
   [1.32780659e+04 9.61244972e-02]
   [1.32716784e+04 2.94985507e-01]
   [1.32657835e+04 2.93525319e-01]]

  [[1.32839704e+04 1.03307262e-01]
   [1.32780658e+04 9.97148958e-02]
   [           nan            nan]
   [           nan            nan]]

  [[1.32841698e+04 1.03495563e-01]
   [1.32780660e+04 3.95966011e-01]
   [1.32718814e+04 3.02095876e-01]
   [1.32655919e+04 1.00167987e-01]]

  [[1.32840660e+04 2.01185886e-01]
   [1.32780651e+04 1.00245964e-01]
   [           nan            nan]
   [           nan            nan]]

  [[1.32840657e+04 2.95115484e-01]
   [1.32780662e+04 9.85799937e-02]
   [           nan            nan]
   [           nan            nan]]

  [[1.32839701e+04 3.90507196e-01]
   [1.32780649e+04 1.92027778e-01]
   [1.32716770e+04 2.01935295e-01]
   [1.32653886e+04 2.00307189e-01]]

  [[1.32840654e+04 1.97454113e-01]
   [1.32778728e+04 2.95515990e-01]
   [1.32715802e+04 2.02529561e-01]
   [1.32651932e+04 1.94828774e-01]]

  [[1.32840647e+04 1.04756725e-01]
   [1.32780668e+04 9.78421288e-02]
   [           nan            nan]
   [           nan            nan]]

  [[1.32840655e+04 1.98517218e-01]
   [1.32780660e+04 9.92937371e-02]
   [1.32715816e+04 1.06097291e-01]
   [1.32653878e+04 3.04034644e-01]]

  [[1.32840647e+04 2.97308052e-01]
   [1.32778727e+04 9.88598908e-02]
   [1.32719713e+04 4.95681823e-01]
   [1.32651930e+04 1.94199438e-01]]

  [[1.32840661e+04 1.02722640e-01]
   [1.32780665e+04 9.88590586e-02]
   [1.32720840e+04 1.12688876e-01]
   [1.32651949e+04 3.95953913e-01]]

  [[1.32839709e+04 3.00021856e-01]
   [1.32780659e+04 9.55370286e-02]
   [1.32716764e+04 1.03210650e-01]
   [1.32659903e+04 9.80980463e-02]]

  [[1.32840648e+04 2.95315710e-01]
   [1.32780663e+04 9.87141717e-02]
   [           nan            nan]
   [           nan            nan]]

  [[1.32839712e+04 1.03860835e-01]
   [1.32780666e+04 1.94419669e-01]
   [1.32716764e+04 2.94899639e-01]
   [1.32655901e+04 9.94571727e-02]]]


 [[[1.32842426e+04 2.06514428e-01]
   [1.32780621e+04 1.87084923e-01]
   [           nan            nan]
   [           nan            nan]]

  [[1.32840374e+04 4.08770281e-01]
   [1.32780619e+04 1.85923999e-01]
   [1.32716768e+04 3.95873734e-01]
   [1.32656845e+04 5.73112690e-01]]

  [[1.32842423e+04 5.99300227e-01]
   [1.32780622e+04 1.86416352e-01]
   [1.32714865e+04 3.92020555e-01]
   [1.32652905e+04 1.95179179e-01]]

  [[1.32840392e+04 4.06191046e-01]
   [1.32780616e+04 1.87396382e-01]
   [           nan            nan]
   [           nan            nan]]

  [[1.32840400e+04 4.06356523e-01]
   [1.32780618e+04 1.86543159e-01]
   [           nan            nan]
   [           nan            nan]]

  [[1.32842438e+04 6.03390653e-01]
   [1.32780610e+04 1.87649113e-01]
   [1.32716739e+04 4.00261859e-01]
   [1.32658932e+04 7.82311533e-01]]

  [[1.32840386e+04 4.10314272e-01]
   [1.32780620e+04 1.89458164e-01]
   [           nan            nan]
   [           nan            nan]]

  [[1.32840389e+04 4.08151631e-01]
   [1.32780598e+04 3.95174410e-01]
   [           nan            nan]
   [           nan            nan]]

  [[1.32840391e+04 4.07538634e-01]
   [1.32780602e+04 1.86877430e-01]
   [           nan            nan]
   [           nan            nan]]

  [[1.32840388e+04 4.08980277e-01]
   [1.32780627e+04 3.96756190e-01]
   [           nan            nan]
   [           nan            nan]]

  [[1.32840381e+04 4.07698712e-01]
   [1.32780630e+04 1.86945521e-01]
   [           nan            nan]
   [           nan            nan]]

  [[1.32840389e+04 4.07576055e-01]
   [1.32780614e+04 1.88555109e-01]
   [1.32716744e+04 3.97110129e-01]
   [1.32656829e+04 1.97559441e-01]]

  [[1.32840382e+04 4.09170345e-01]
   [1.32780606e+04 1.89014938e-01]
   [1.32714870e+04 5.84469270e-01]
   [           nan            nan]]

  [[1.32840391e+04 4.08424827e-01]
   [1.32780626e+04 3.96179655e-01]
   [1.32716755e+04 3.97543632e-01]
   [           nan            nan]]

  [[1.32840395e+04 3.95238783e-01]
   [1.32780618e+04 1.85915276e-01]
   [1.32716755e+04 2.05118553e-01]
   [1.32652928e+04 3.90258742e-01]]

  [[1.32840396e+04 4.06869609e-01]
   [1.32780603e+04 3.93450915e-01]
   [1.32714879e+04 5.84714926e-01]
   [           nan            nan]]

  [[1.32840373e+04 4.10163020e-01]
   [1.32780617e+04 3.95191064e-01]
   [1.32714871e+04 3.91984098e-01]
   [           nan            nan]]

  [[1.32840397e+04 4.06712210e-01]
   [1.32780605e+04 1.87274659e-01]
   [1.32716765e+04 2.03753319e-01]
   [           nan            nan]]

  [[1.32840389e+04 4.09341782e-01]
   [1.32778720e+04 3.75994599e-01]
   [           nan            nan]
   [           nan            nan]]

  [[1.32842457e+04 2.01197543e-01]
   [1.32780610e+04 1.88377538e-01]
   [           nan            nan]
   [           nan            nan]]]


 [[[1.32840751e+04 3.03609654e-01]
   [1.32780687e+04 3.05617710e-01]
   [           nan            nan]
   [           nan            nan]]

  [[1.32840701e+04 3.09761579e-01]
   [1.32780704e+04 3.03786124e-01]
   [           nan            nan]
   [           nan            nan]]

  [[1.32840731e+04 3.09823447e-01]
   [1.32780690e+04 3.05074306e-01]
   [1.32714812e+04 5.88760882e-01]
   [1.32657999e+04 5.79268214e-01]]

  [[1.32840724e+04 3.06435072e-01]
   [1.32780691e+04 3.02588515e-01]
   [1.32714808e+04 5.85202366e-01]
   [           nan            nan]]

  [[1.32840743e+04 3.05243532e-01]
   [1.32780691e+04 3.07990644e-01]
   [1.32717761e+04 2.93447021e-01]
   [           nan            nan]]

  [[1.32840743e+04 5.89222470e-01]
   [1.32780691e+04 3.05672659e-01]
   [           nan            nan]
   [           nan            nan]]

  [[1.32840712e+04 3.07406507e-01]
   [1.32780685e+04 3.04403816e-01]
   [           nan            nan]
   [           nan            nan]]

  [[1.32840720e+04 3.06891215e-01]
   [1.32780700e+04 3.02223476e-01]
   [           nan            nan]
   [           nan            nan]]

  [[1.32840742e+04 3.07291177e-01]
   [1.32780680e+04 3.05087563e-01]
   [1.32714803e+04 5.89433307e-01]
   [           nan            nan]]

  [[1.32840749e+04 5.90290193e-01]
   [1.32780699e+04 3.04628488e-01]
   [           nan            nan]
   [           nan            nan]]

  [[1.32840716e+04 3.07860497e-01]
   [1.32780690e+04 3.06290471e-01]
   [1.32717785e+04 2.92193316e-01]
   [1.32654876e+04 3.04582494e-01]]

  [[1.32840714e+04 5.93325895e-01]
   [1.32780696e+04 3.05007732e-01]
   [           nan            nan]
   [           nan            nan]]

  [[1.32840754e+04 5.87461788e-01]
   [1.32780711e+04 3.02611123e-01]
   [           nan            nan]
   [           nan            nan]]

  [[1.32840742e+04 3.03949567e-01]
   [1.32780714e+04 3.04550444e-01]
   [1.32714803e+04 5.90832721e-01]
   [           nan            nan]]

  [[1.32840740e+04 3.06652107e-01]
   [1.32780691e+04 3.02454630e-01]
   [           nan            nan]
   [           nan            nan]]

  [[1.32840724e+04 3.07372833e-01]
   [1.32780695e+04 3.04108938e-01]
   [1.32714801e+04 5.89319978e-01]
   [           nan            nan]]

  [[1.32840726e+04 3.12301208e-01]
   [1.32780708e+04 3.04319124e-01]
   [1.32714824e+04 5.88454750e-01]
   [           nan            nan]]

  [[1.32840733e+04 3.04436237e-01]
   [1.32780688e+04 3.05778638e-01]
   [1.32717770e+04 2.92704700e-01]
   [           nan            nan]]

  [[1.32840741e+04 5.90989274e-01]
   [1.32780686e+04 3.03846331e-01]
   [           nan            nan]
   [           nan            nan]]

  [[1.32840734e+04 3.04788749e-01]
   [1.32780705e+04 3.00912498e-01]
   [           nan            nan]
   [           nan            nan]]]]

#Scanalyzer Final Estimates:
[13284.03427888 13278.03084775 13271.63463628 13265.36667794]
#1Sigma:
[0.13233924 0.10829637 0.18756617 0.17273181]
#Range:
[0.43198533 0.69406927 0.81154067 1.79684218]