#Compiled Fit Local Max Estimates:
[[[1.32842550e+04 1.12319579e-02]
  [1.32781165e+04 1.33612647e-02]
  [1.32719164e+04 2.78912562e-02]
  [1.32657264e+04 4.63347004e-02]]

 [[1.32842433e+04 1.08512813e-02]
  [1.32781058e+04 1.26136675e-02]
  [1.32719730e+04 2.27116478e-02]
  [1.32657035e+04 5.47934832e-02]]

 [[1.32831565e+04 1.39696124e-02]
  [1.32770088e+04 1.59343837e-02]
  [1.32708240e+04 2.81752382e-02]
  [1.32645960e+04 4.73323337e-02]]

 [[1.32842668e+04 1.31624342e-02]
  [1.32781471e+04 1.38382428e-02]
  [1.32719724e+04 3.11814140e-02]
  [1.32671179e+04 1.72208770e+05]]

 [[1.32830756e+04 1.81723698e-02]
  [1.32769390e+04 1.90150127e-02]
  [1.32707368e+04 3.52915763e-02]
  [1.32644717e+04 7.15487287e-01]]

 [[1.32841985e+04 2.24523318e-02]
  [1.32781126e+04 2.24571014e-02]
  [1.32718116e+04 7.97722624e-02]
  [1.32656191e+04 3.86883432e-01]]]

#Scanalyzer Final Estimates:
[13283.96595547 13277.82442906 13271.58078595 13265.31538647]
#1Sigma:
[0.0055618  0.00622624 0.01242991 0.02824075]
#Range:
[1.19114536 1.20804617 1.23620918 2.64624118]