#Compiled Polynomial Fit Local Max Estimates:
[[[[1.32841032e+04 1.00000000e-03]
   [1.32779342e+04 1.00000000e-03]
   [1.32717260e+04 1.00000000e-03]
   [1.32659080e+04 1.00000000e-03]]]


 [[[1.32840982e+04 1.00000000e-03]
   [1.32779572e+04 1.00000000e-03]
   [1.32717587e+04 1.00000000e-03]
   [1.32658634e+04 1.00000000e-03]]]


 [[[1.32841080e+04 1.00000000e-03]
   [1.32779710e+04 1.00000000e-03]
   [1.32717712e+04 1.00000000e-03]
   [1.32659177e+04 1.00000000e-03]]]


 [[[1.32840878e+04 1.00000000e-03]
   [1.32779608e+04 1.00000000e-03]
   [1.32717648e+04 1.00000000e-03]
   [1.32656551e+04 1.00000000e-03]]]


 [[[1.32840894e+04 1.00000000e-03]
   [1.32779554e+04 1.00000000e-03]
   [1.32717664e+04 1.00000000e-03]
   [1.32657024e+04 1.00000000e-03]]]]

#Scanalyzer Final Estimates:
[13284.09733018 13277.95573017 13271.75742142 13265.8093147 ]
#1Sigma:
[0.00391717 0.0060268  0.00812793 0.0546111 ]
#Range:
[0.02020073 0.0367461  0.0452559  0.26266316]