#Compiled Data Local Max Estimates:
[[[1.32845062e+04 2.68395511e-01]
  [1.32780940e+04 6.14869716e-02]
  [1.32724118e+04 3.87465520e-01]
  [1.32662358e+04 5.75830369e-02]]

 [[1.32842378e+04 2.74392484e-01]
  [1.32781028e+04 2.27027497e-01]
  [1.32721141e+04 8.34280218e-02]
  [1.32658540e+04 6.07568507e-02]]

 [[1.32840419e+04 3.37716320e-01]
  [1.32781438e+04 1.47087585e-01]
  [1.32719160e+04 4.45534613e-01]
  [1.32658540e+04 1.80218195e-01]]

 [[1.32840326e+04 9.30460092e-02]
  [1.32780899e+04 1.98870920e-01]
  [1.32720398e+04 2.39020711e-01]
  [1.32658368e+04 4.12304456e-01]]

 [[1.32843597e+04 6.98602377e-02]
  [1.32780683e+04 2.82150890e-01]
  [1.32718998e+04 3.52945719e-01]
  [1.32658157e+04 6.54797713e-02]]

 [[1.32843675e+04 4.06519121e-01]
  [1.32780592e+04 9.23860397e-02]
  [1.32718704e+04 1.03150409e-01]
  [1.32658657e+04 4.10813276e-01]]

 [[1.32843146e+04 2.09893828e-01]
  [1.32781196e+04 2.04087041e-01]
  [1.32719187e+04 2.06648405e-01]
  [1.32661210e+04 1.95577611e-01]]

 [[1.32842630e+04 4.98918917e-01]
  [1.32782668e+04 5.03367324e-01]
  [1.32717777e+04 4.96963166e-01]
  [1.32657762e+04 4.91740165e-01]]]

#Scanalyzer Final Estimates:
[13284.25296943 13278.09255078 13272.01196561 13265.98241993]
#1Sigma:
[0.05069525 0.04414711 0.0575098  0.03373697]
#Range:
[0.47359176 0.2076358  0.63403873 0.45960051]