#Compiled Fit Local Max Estimates:
[[[1.32844819e+04 1.35080219e-02]
  [1.32783221e+04 2.06504907e-02]
  [1.32722907e+04 4.02272096e-02]
  [1.32660595e+04 1.09317587e-01]]

 [[1.32844849e+04 1.35725545e-02]
  [1.32783275e+04 2.08198506e-02]
  [1.32723031e+04 3.98441491e-02]
  [1.32660541e+04 1.11682484e-01]]

 [[1.32844065e+04 1.58257443e-02]
  [1.32782424e+04 2.31096129e-02]
  [1.32721614e+04 4.47167629e-02]
  [1.32659424e+04 1.19165512e-01]]

 [[1.32843911e+04 1.71556514e-02]
  [1.32782310e+04 2.47257419e-02]
  [1.32721803e+04 4.56928187e-02]
  [1.32659892e+04 1.29648690e-01]]

 [[1.32844308e+04 1.76208969e+00]
  [1.32782624e+04 1.76208969e+00]
  [1.32722275e+04 1.76208969e+00]
  [1.32660077e+04 1.76208969e+00]]

 [[1.32843957e+04 1.75483479e-02]
  [1.32782334e+04 2.46437688e-02]
  [1.32721817e+04 4.61407016e-02]
  [1.32659905e+04 1.36418405e-01]]

 [[1.32843466e+04 1.90542251e-02]
  [1.32781804e+04 2.74588010e-02]
  [1.32721255e+04 4.93053826e-02]
  [1.32659570e+04 1.47379605e-01]]

 [[1.32842434e+04 2.01632814e-02]
  [1.32780967e+04 2.85325204e-02]
  [1.32720237e+04 5.58712800e-02]
  [1.32659060e+04 1.77454908e-01]]]

#Scanalyzer Final Estimates:
[13284.4133908  13278.24954653 13272.19899248 13265.99800239]
#1Sigma:
[0.00611292 0.00899418 0.01707803 0.04847192]
#Range:
[0.24147966 0.2307656  0.2794597  0.15352063]