#Compiled Fit Center Estimates:
[[[1.32845443e+04 1.05339897e-02]
  [1.32784066e+04 1.48006546e-02]
  [1.32722010e+04 3.09885366e-02]
  [1.32660372e+04 6.74807692e-02]]

 [[1.32845443e+04 1.00603177e-02]
  [1.32784089e+04 1.41169822e-02]
  [1.32722653e+04 2.50240030e-02]
  [1.32660172e+04 7.41227985e-02]]

 [[1.32845415e+04 1.11349800e-02]
  [1.32784107e+04 1.47144410e-02]
  [1.32722293e+04 2.99876230e-02]
  [1.32660714e+04 8.52280088e-02]]

 [[1.32845418e+04 1.07369981e-02]
  [1.32784207e+04 1.43093469e-02]
  [1.32722426e+04 3.00244938e-02]
  [1.32660464e+04 7.95143007e-02]]

 [[1.32845375e+04 1.30993478e-02]
  [1.32784128e+04 1.68302872e-02]
  [1.32722392e+04 3.43447749e-02]
  [1.32660765e+04 9.61957644e-02]]

 [[1.32844902e+04 7.97702555e-02]
  [1.32784911e+04 1.49823148e-01]
  [1.32721209e+04 1.96609370e-01]
  [1.32661041e+04 1.03120043e-01]]]

#Scanalyzer Final Estimates:
[13284.54207482 13278.41211373 13272.23770866 13266.05173596]
#1Sigma:
[0.00490191 0.00664307 0.01320686 0.0333416 ]
#Range:
[0.05415334 0.08459021 0.14438824 0.08692054]