#Compiled Fit Local Max Estimates:
[[[1.32842275e+04 1.05339897e-02]
  [1.32780897e+04 1.48006546e-02]
  [1.32718842e+04 3.09885366e-02]
  [1.32657204e+04 6.74807692e-02]]

 [[1.32842322e+04 1.00603177e-02]
  [1.32780969e+04 1.41169822e-02]
  [1.32719532e+04 2.50240030e-02]
  [1.32657052e+04 7.41227985e-02]]

 [[1.32842162e+04 1.11349800e-02]
  [1.32780855e+04 1.47144410e-02]
  [1.32719041e+04 2.99876230e-02]
  [1.32657462e+04 8.52280088e-02]]

 [[1.32842246e+04 1.07369981e-02]
  [1.32781035e+04 1.43093469e-02]
  [1.32719254e+04 3.00244938e-02]
  [1.32657292e+04 7.95143007e-02]]

 [[1.32841765e+04 1.30993478e-02]
  [1.32780518e+04 1.68302872e-02]
  [1.32718782e+04 3.43447749e-02]
  [1.32657155e+04 9.61957644e-02]]

 [[1.32843100e+04 7.97702555e-02]
  [1.32783110e+04 1.49823148e-01]
  [1.32719407e+04 1.96609370e-01]
  [1.32659240e+04 1.03120043e-01]]]

#Scanalyzer Final Estimates:
[13284.2190131  13278.08794468 13271.91460245 13265.74351084]
#1Sigma:
[0.00490191 0.00664307 0.01320686 0.0333416 ]
#Range:
[0.13347904 0.25919075 0.07506278 0.21877909]