#Compiled Data Local Max Estimates:
[[[1.32845062e+04 2.68395511e-01]
  [1.32780940e+04 6.14869716e-02]
  [1.32724118e+04 5.47526843e-01]
  [1.32662358e+04 5.75830369e-02]]

 [[1.32842378e+04 2.74392484e-01]
  [1.32781028e+04 1.39729784e-01]
  [1.32721141e+04 8.34280218e-02]
  [1.32658540e+04 6.07568507e-02]]

 [[1.32840326e+04 1.21666451e-01]
  [1.32780899e+04 1.98870920e-01]
  [1.32720398e+04 2.39020711e-01]
  [1.32658368e+04 4.12304456e-01]]

 [[1.32843675e+04 1.98539663e-01]
  [1.32780592e+04 9.23860397e-02]
  [1.32718704e+04 1.03150409e-01]
  [1.32658657e+04 4.10813276e-01]]

 [[1.32843146e+04 4.05577288e-01]
  [1.32781196e+04 4.05167730e-01]
  [1.32719187e+04 5.97543901e-01]
  [1.32661210e+04 1.95577611e-01]]]

#Scanalyzer Final Estimates:
[13284.18723402 13278.08627318 13272.02316256 13266.0540028 ]
#1Sigma:
[0.08902803 0.04641077 0.06186311 0.04047431]
#Range:
[0.47359176 0.06042615 0.54141665 0.39898096]