#Compiled Fit Local Max Estimates:
[[[1.32845024e+04 1.42300033e-02]
  [1.32783487e+04 1.85432953e-02]
  [1.32723283e+04 4.62527596e-02]
  [1.32660538e+04 6.06644917e-02]]

 [[1.32845019e+04 1.42742714e-02]
  [1.32783405e+04 1.89135871e-02]
  [1.32723286e+04 4.43183777e-02]
  [1.32659910e+04 5.22302973e-02]]

 [[1.32844509e+04 1.76116281e-02]
  [1.32782997e+04 2.17355687e-02]
  [1.32722605e+04 5.06323071e-02]
  [1.32659395e+04 5.83102236e-02]]

 [[1.32844654e+04 1.76954442e-02]
  [1.32783044e+04 2.15799876e-02]
  [1.32722657e+04 4.93267306e-02]
  [1.32659630e+04 2.85622714e-01]]

 [[1.32844429e+04 1.98152139e-02]
  [1.32782845e+04 2.39000881e-02]
  [1.32722343e+04 4.99939624e-02]
  [1.32660482e+04 1.04319862e-01]]]

#Scanalyzer Final Estimates:
[13284.47911589 13278.32018458 13272.28714289 13265.99754757]
#1Sigma:
[0.00729116 0.00923777 0.02142878 0.03106021]
#Range:
[0.05948962 0.06418716 0.09426267 0.11429811]