#Compiled Fit Center Estimates:
[[[1.32848621e+04 1.42300033e-02]
  [1.32786997e+04 1.85432953e-02]
  [1.32726882e+04 4.62527596e-02]
  [1.32664014e+04 6.06644917e-02]]

 [[1.32848619e+04 1.42742714e-02]
  [1.32787013e+04 1.89135871e-02]
  [1.32726888e+04 4.43183777e-02]
  [1.32663509e+04 5.22302973e-02]]

 [[1.32848466e+04 1.76116281e-02]
  [1.32786867e+04 2.17355687e-02]
  [1.32726525e+04 5.06323071e-02]
  [1.32663295e+04 5.83102236e-02]]

 [[1.32848514e+04 1.76954442e-02]
  [1.32786874e+04 2.15799876e-02]
  [1.32726500e+04 4.93267306e-02]
  [1.32663430e+04 2.85622714e-01]]

 [[1.32848461e+04 1.98152139e-02]
  [1.32786790e+04 2.39000881e-02]
  [1.32726334e+04 4.99939624e-02]
  [1.32664356e+04 1.04319862e-01]]]

#Scanalyzer Final Estimates:
[13284.85537801 13278.69237922 13272.66467293 13266.36548881]
#1Sigma:
[0.00729116 0.00923777 0.02142878 0.03106021]
#Range:
[0.01602731 0.02230513 0.0554054  0.1061482 ]