#Compiled Fit Center Estimates:
[[[1.32850008e+04 5.66831349e-03]
  [1.32788632e+04 6.18557568e-03]
  [1.32727606e+04 1.02009161e-02]
  [1.32667583e+04 2.21548491e-02]]

 [[1.32850002e+04 5.94702233e-03]
  [1.32788596e+04 6.34442200e-03]
  [1.32727581e+04 1.11721596e-02]
  [1.32667353e+04 2.23171423e-02]]

 [[1.32850016e+04 6.78230740e-03]
  [1.32788650e+04 7.13732665e-03]
  [1.32727520e+04 1.19844620e-02]
  [1.32667089e+04 2.04189040e-02]]

 [[1.32850017e+04 7.85244015e-03]
  [1.32788661e+04 8.49575002e-03]
  [1.32727514e+04 1.36717250e-02]
  [1.32667491e+04 1.51493289e-01]]

 [[1.32850039e+04 9.79768816e-03]
  [1.32788701e+04 1.02968317e-02]
  [1.32727474e+04 1.26615454e-02]
  [1.32667758e+04 1.64643060e-01]]]

#Scanalyzer Final Estimates:
[13285.00124626 13278.86373739 13272.75472843 13266.7330846 ]
#1Sigma:
[0.00304611 0.00326344 0.00525793 0.01238056]
#Range:
[0.00367516 0.01055449 0.01323688 0.06691464]