#Compiled Fit Local Max Estimates:
[[[1.32846881e+04 5.66831349e-03]
  [1.32785485e+04 6.18557568e-03]
  [1.32724465e+04 1.02009161e-02]
  [1.32664474e+04 2.21548491e-02]]

 [[1.32846775e+04 5.94702233e-03]
  [1.32785445e+04 6.34442200e-03]
  [1.32724377e+04 1.11721596e-02]
  [1.32664236e+04 2.23171423e-02]]

 [[1.32846755e+04 6.78230740e-03]
  [1.32785437e+04 7.13732665e-03]
  [1.32724329e+04 1.19844620e-02]
  [1.32663844e+04 2.04189040e-02]]

 [[1.32846780e+04 7.85244015e-03]
  [1.32785405e+04 8.49575002e-03]
  [1.32724228e+04 1.36717250e-02]
  [1.32664191e+04 1.51493289e-01]]

 [[1.32846747e+04 9.79768816e-03]
  [1.32785482e+04 1.02968317e-02]
  [1.32724276e+04 1.26615454e-02]
  [1.32664458e+04 1.64643060e-01]]]

#Scanalyzer Final Estimates:
[13284.6799717  13278.54524915 13272.43515225 13266.41669638]
#1Sigma:
[0.00304611 0.00326344 0.00525793 0.01238056]
#Range:
[0.01346549 0.00805167 0.02367782 0.06305512]