#Compiled Data Local Max Estimates:
[[[1.32844417e+04 1.23000724e-01]
  [1.32783008e+04 1.48349148e-01]
  [1.32721707e+04 3.15710336e-01]
  [1.32663402e+04 1.78604566e-01]]

 [[1.32844417e+04 1.23000724e-01]
  [1.32784750e+04 5.71400248e-02]
  [1.32724567e+04 1.22973636e-01]
  [1.32666320e+04 5.26094403e-01]]

 [[1.32846293e+04 5.75576060e-02]
  [1.32785354e+04 3.57352404e-01]
  [1.32723501e+04 1.98878802e-01]
  [1.32660965e+04 1.93297179e-01]]

 [[1.32846569e+04 1.99315528e-01]
  [1.32784555e+04 1.97290521e-01]
  [1.32723597e+04 2.08319477e-01]
  [1.32662627e+04 2.96455863e-01]]

 [[1.32845231e+04 4.07867373e-01]
  [1.32785443e+04 1.91862508e-01]
  [1.32723561e+04 3.87803481e-01]
  [1.32663795e+04 4.12707636e-01]]]

#Scanalyzer Final Estimates:
[13284.5761315  13278.46030235 13272.39208057 13266.26269372]
#1Sigma:
[0.0463624  0.04924213 0.08732561 0.11252682]
#Range:
[0.21519577 0.24342841 0.2859625  0.53553806]