#Compiled Data Local Max Estimates:
[[[1.32843268e+04 2.45947564e-01]
  [1.32784016e+04 1.60061113e-01]
  [1.32721699e+04 5.33079275e-02]
  [1.32662574e+04 1.42855085e-01]]

 [[1.32842679e+04 1.80372862e-01]
  [1.32784016e+04 1.66892990e-01]
  [1.32725379e+04 5.30444055e-01]
  [1.32661120e+04 1.36513237e-01]]

 [[1.32843144e+04 2.58334799e-01]
  [1.32784127e+04 3.51842528e-01]
  [1.32722674e+04 9.20370931e-02]
  [1.32661224e+04 2.48188842e-01]]

 [[1.32843332e+04 1.00966465e-01]
  [1.32782247e+04 1.13182566e-01]
  [1.32722506e+04 9.48320064e-02]
  [1.32661490e+04 1.01965940e-01]]

 [[1.32844982e+04 2.14164597e-01]
  [1.32782761e+04 4.15357277e-01]
  [1.32723025e+04 4.06592606e-01]
  [1.32660940e+04 4.06812173e-01]]

 [[1.32845660e+04 4.93556988e-01]
  [1.32781162e+04 4.95220729e-01]
  [1.32721740e+04 4.99006241e-01]
  [1.32662150e+04 4.48565860e-01]]]

#Scanalyzer Final Estimates:
[13284.3447542  13278.31025906 13272.20792376 13266.1617735 ]
#1Sigma:
[0.07327338 0.07648326 0.0410041  0.06650589]
#Range:
[0.29811844 0.29642759 0.36794536 0.1633993 ]